case,seed,member,d1,d2,d3,d4,d5,w1,w2,pitch_mm,height_mm,thickness_mm,surrogate_objective_1,surrogate_objective_2,surrogate_feasible,surrogate_violation,arc_length_mm,radius_1_mm,radius_2_mm,radius_min_mm,aspect_ratio_H_over_P,thickness_ratio_t_over_H,thickness_ratio_t_over_P,curvature_index_t_over_Rmin,core_material_fraction,board_material_fraction,geometry_feasible,trust_distance,predicted_potential_number,predicted_potential_std,predicted_stress_utilization,predicted_stress_upper,candidate_source,source_design_id
C037,3,0,0.1,10.0,9.581669780083576,10.0,10.0,0.0,0.0,7.9,3.9998373921180224,0.15,0.1307937450012837,1705.4153013082841,True,0.0,11.752762160660977,0.911312403044942,0.9113124030449298,0.9113124030449298,0.5063085306478509,0.03750152451086791,0.018987341772151896,0.16459778172535708,0.055790695979547916,0.1307937450012837,1.0,1.0043538010578223,0.0005863674374405254,1.6279481030554955e-05,0.47490599963923835,0.4919629700705281,optimizer_terminal,
C037,3,1,4.48668226695274,0.1,10.0,0.14509313613896982,5.39234861379451,0.04802852614211886,0.06951371827762795,4.938131721541042,3.9974320289215353,0.21819361348816488,0.22621002429075512,330.8922462515009,True,0.0,10.588822361537321,0.9119310479304119,0.9461867536968859,0.9119310479304119,0.8095029161502515,0.05458344554942469,0.04418545834578775,0.2392654729580113,0.11704313319190572,0.22621002429075512,1.0,1.558540789824183,0.0030221318611374504,8.510483808603706e-05,0.6382944109748547,0.6553513814061445,optimizer_terminal,
C037,3,2,9.594098525458206,0.1,10.0,0.1,0.5913501603038014,0.0,0.0,5.293057568609903,4.0,0.1855450124839192,0.1879166726648817,539.1989130743673,True,0.0,10.856741303947999,1.0043623257971241,1.0043623257968934,1.0043623257968934,0.7557068760637919,0.0463862531209798,0.03505441043835996,0.18473912025394004,0.09514416642292212,0.1879166726648817,1.0,0.7114207928055045,0.0018546031450587849,2.2199133133647067e-05,0.6385204227416608,0.6555773931729505,optimizer_terminal,
C037,3,3,9.640779247737598,0.1,10.0,0.1,0.3004206814301194,0.015603742590775564,0.0,4.869176138177898,3.9933568432460103,0.15884415351273684,0.16562686143448946,562.5335236762842,True,0.0,10.536287315196438,0.9268506944192849,0.9088576485304096,0.9088576485304096,0.8201298802758799,0.039777099755407774,0.032622388060124304,0.17477341338281321,0.0860726619236739,0.16562686143448946,1.0,0.10900528275093216,0.001777671832719894,7.522160826831143e-06,0.6353967361611758,0.6524537065924655,optimizer_terminal,
C037,3,4,2.8060988819129378,7.539366604179487,10.0,2.472353087217671,7.133104375253145,0.02575594819187576,0.024207749250396104,7.184019208659093,4.0,0.15,0.13555953844660307,1290.8487094836066,True,0.0,11.601623665811342,1.082155872417046,1.3772141605216095,1.082155872417046,0.5567913842962295,0.0375,0.02087967691110861,0.1386121942534655,0.06055953844660307,0.13555953844660307,1.0,1.1233409316426437,0.0007746841226653446,2.9645757201123812e-05,0.5154608536746259,0.5325178241059156,optimizer_terminal,
C037,3,5,8.641639179018647,0.1,9.938671494244991,0.1,0.1,0.0,0.0,5.429648850904391,3.9835150840961076,0.19880456804520752,0.20027115476134655,500.5990036331028,True,0.0,10.929348769439018,0.9697169073845762,0.9697169073845401,0.9697169073845401,0.7336597989080993,0.049906819441683604,0.03661462711572841,0.20501299557765862,0.10045751587797931,0.20027115476134655,1.0,1.0651251035273082,0.001997606852475712,4.626662252578446e-05,0.6253386240785328,0.6423955945098225,optimizer_terminal,
C037,3,6,1.7497956112591146,5.81241035616516,10.0,10.0,10.0,0.04797469240343753,0.0793805091319686,7.305218002050086,4.0,0.15,0.13400004857601833,1428.5872800532923,True,0.0,11.493552452782897,0.928242475216306,0.9148388712762914,0.9148388712762914,0.5475538168576854,0.0375,0.020533268132163204,0.16396329966908277,0.05900004857601832,0.13400004857601833,1.0,0.588750293807005,0.0006999922328600713,9.241864141074325e-06,0.48491101793178953,0.5019679883630792,optimizer_terminal,
C037,3,7,0.1,0.8789272020653351,10.0,0.5428693541694267,10.0,0.01942095461480461,0.0,5.670231515224767,4.0,0.15,0.1478528088350443,799.6067294506424,True,0.0,11.015794470109695,1.075008904200995,1.0803604625980885,1.075008904200995,0.705438567942043,0.0375,0.02645394629782661,0.1395337279661773,0.0728528088350443,0.1478528088350443,1.0,1.7901968403839743,0.0012506147874556217,5.5745106920579015e-05,0.5783678299882349,0.5954248004195246,optimizer_terminal,
C037,3,8,0.1,4.433351337613519,9.99172037211302,1.4519343157343705,10.0,0.15429970884618147,0.05936142572301041,6.4152962377368725,3.9950871970179302,0.15,0.14072801297653884,1003.7192402372148,True,0.0,11.214822403286854,1.1975400843528172,1.1282398201451378,1.1282398201451378,0.6227439932574773,0.03754611416540924,0.02338161706666808,0.132950457271313,0.06563578464572037,0.14072801297653884,1.0,1.6846572448845836,0.0009962945412540505,4.1269053616920366e-05,0.5471682228930176,0.5642251933243073,optimizer_terminal,
C037,3,9,10.0,0.1,10.0,0.1,0.1277140975226841,0.04288763932646234,0.11714413200916467,5.48627013524999,4.0,0.15,0.15018283569536123,742.8817225593052,True,0.0,10.999289230903127,0.964007737150946,1.1360810329011737,0.964007737150946,0.7290927900723456,0.0375,0.02734097962771296,0.1556004108881055,0.07518283569536123,0.15018283569536123,1.0,0.6226424555822546,0.0013461093060075505,1.0344746216604965e-05,0.6281830191577014,0.6452399895889911,optimizer_terminal,
C037,3,10,1.4226103327637407,1.0881247586411187,10.0,0.37523347337498203,6.839875041644026,0.0,0.0,5.944784068951326,4.0,0.15,0.14568588417728548,883.8389324044131,True,0.0,11.205661817516408,0.9855922850611918,1.0559914374237298,0.9855922850611918,0.6728587537588409,0.0375,0.02523220326595653,0.15219274975421204,0.07068588417728547,0.14568588417728548,1.0,1.4956473878893333,0.0011314278691928405,4.8338307415771655e-05,0.5762672615641827,0.5933242319954725,optimizer_terminal,
C037,3,11,0.1,0.1,10.0,0.7949600130473515,10.0,0.00423914390300776,0.028467632343407073,5.287326416927478,4.0,0.15,0.15150364593448848,679.232755198936,True,0.0,10.786659950418331,1.0109495085352658,0.9857468747673278,0.9857468747673278,0.7565260179878289,0.0375,0.028369725674543583,0.15216888213356544,0.07650364593448848,0.15150364593448848,1.0,1.952898455321636,0.0014722493759994194,6.63483572019755e-05,0.5872643666711703,0.60432133710246,optimizer_terminal,
C037,3,12,0.1,4.183771311550706,9.996112648085441,2.2379102936509265,10.0,0.0412215354123423,0.04054130936171731,6.944143427066425,4.0,0.15,0.13749648709431284,1232.2543646455092,True,0.0,11.572921868552376,1.2155951715169229,1.3984472897898008,1.2155951715169229,0.5760249686677068,0.0375,0.021600936325039007,0.12339634404175631,0.062496487094312825,0.13749648709431284,1.0,1.4035823655215574,0.0008115207612088083,3.414758152504651e-05,0.5251577904273776,0.5422147608586674,optimizer_terminal,
C037,3,13,10.0,8.085361828542176,9.906350149896085,2.94814641981508,0.1,0.033478030933272285,0.0,6.744279385674746,3.9979922516070734,0.15,0.13755795618303335,1170.2133296494444,True,0.0,11.238471267954717,0.9700255640127815,1.1210070421342817,0.9700255640127815,0.5927975433667604,0.03751883209371015,0.02224107149514135,0.15463509990343258,0.06252029199561304,0.13755795618303335,1.0,1.2188286773846606,0.0008545450429107362,5.171070842984383e-05,0.5156753108856631,0.5327322813169528,optimizer_terminal,
C037,3,14,9.967692287103759,0.1,10.0,0.1,0.1,0.0,0.0,4.8,4.0,0.15,0.15701897323677588,588.9917258030267,True,0.0,10.498428574307315,0.9010842005837519,0.9010842005835705,0.9010842005835705,0.8333333333333334,0.0375,0.03125,0.16646613036035396,0.0820189732367759,0.15701897323677588,1.0,0.14442078780986708,0.0016978167199829639,4.056402171322501e-06,0.6294227751011312,0.6464797455324209,optimizer_terminal,
C037,3,15,0.1,4.946139589347335,9.9669382399691,1.1733171529386215,8.238895800494909,0.10407798989393406,0.03721042656738392,6.238046835102969,3.987401011334805,0.15,0.14189923041707306,930.6875950080905,True,0.0,11.054198883559351,0.9144650818787555,0.9936902922609239,0.9144650818787555,0.6392066486094259,0.037618488728272316,0.024045988105750413,0.16403031998972242,0.06666225296052843,0.14189923041707306,1.0,1.724182758119038,0.0010744744051212017,5.092023068510033e-05,0.5561992522972832,0.5732562227285729,optimizer_terminal,
C037,3,16,0.1,5.404390000262036,9.998609047278237,3.71134716750279,10.0,0.07288901827796329,0.033673151412964855,6.487391750646489,4.0,0.15,0.13918681871925306,1079.6660635401397,True,0.0,11.104134353587307,1.0741459200700938,1.084343057588166,1.0741459200700938,0.6165806157153046,0.0375,0.02312177308932392,0.1396458313505596,0.06418681871925308,0.13918681871925306,1.0,1.3360785439570313,0.0009262123111669167,2.7904611063417764e-05,0.5303468596975909,0.5474038301288806,optimizer_terminal,
C037,3,17,9.884838776206049,0.1,10.0,0.1,0.34781357580860317,0.0,0.0,4.86576429402609,4.0,0.15626015145824992,0.16279805458974497,576.7653362919694,True,0.0,10.545860209214842,0.9071785051890289,0.9071785051886937,0.9071785051886937,0.822070235689586,0.03906503786456248,0.03211420488454348,0.1722485162120852,0.08466797886062,0.16279805458974497,1.0,5.045105563317948e-15,0.0017338073859102052,7.097580471297616e-07,0.6371736302483154,0.6542306006796051,optimizer_terminal,
C037,3,18,9.918584539125161,0.1,10.0,0.1,0.2440392928431654,0.0,0.0,4.868708116591315,4.0,0.24445982403278205,0.2546332922908604,286.7350797155908,True,0.0,10.54788310933236,0.9116976414653463,0.9116976414649693,0.9116976414649693,0.8215731779789839,0.06111495600819551,0.050210408629698985,0.2681369490437308,0.1324033802744694,0.2546332922908604,1.0,1.3464840892850658,0.003487539791056917,0.00010456962345854002,0.6611595794131419,0.6782165498444316,optimizer_terminal,
C037,3,19,0.1,7.000737485935333,9.710921629080396,4.916552068291845,10.0,0.14765669867531958,0.10988003606679361,6.690965135400244,4.0,0.15132631707257455,0.13858567593039442,1103.9878105218147,True,0.0,11.128596221995492,1.0088054398494957,0.9644904857559528,0.9644904857559528,0.5978210794788016,0.037831579268143636,0.022616515556469482,0.1568976773824444,0.06292251739410713,0.13858567593039442,1.0,1.2708911973849926,0.0009058071026412298,3.3090314589509055e-05,0.5170374475375108,0.5340944179688005,optimizer_terminal,
C037,3,20,10.0,0.1,9.998411976727928,0.1,0.1,0.0,0.0,4.8,3.977365383861211,0.24702120527424326,0.2595355234092521,276.365093570261,True,0.0,10.458539130729,0.9003864742014932,0.9003864742014666,0.9003864742014666,0.828617788304419,0.062106741884105206,0.051462751098800684,0.27435019555721457,0.13532203964104167,0.2595355234092521,1.0,1.4088341828583935,0.0036184019735682263,0.00010774485396621159,0.6627164344891828,0.6797734049204726,optimizer_terminal,
C037,3,21,0.1,8.706927163067343,9.965882707762177,2.5631921435265155,10.0,0.11662525768595917,0.18607746331679556,7.9,3.996893609151354,0.15,0.13262180278440772,1509.8021873196044,True,0.0,12.117295761778207,1.029821638849984,1.5338507976941198,1.029821638849984,0.5059358998925764,0.0375291450481838,0.018987341772151896,0.14565629070244346,0.057563512688040136,0.13262180278440772,1.0,1.029187148625844,0.0006623384231382848,3.3552741930517504e-05,0.5027346358346155,0.5197916062659053,optimizer_terminal,
C037,3,22,0.1,10.0,9.994670868257673,5.825033010569189,10.0,0.11470389368383495,0.027524061931848347,7.568067999792316,4.0,0.15,0.13267562649357822,1460.2863416140176,True,0.0,11.639815019573955,1.0944557125484538,1.032176517894708,1.032176517894708,0.5285364772237471,0.0375,0.019820117895890513,0.14532398034587088,0.057675626493578235,0.13267562649357822,1.0,1.111252406728704,0.0006847972014137482,2.5404542750280733e-05,0.48900866143778476,0.5060656318690745,optimizer_terminal,
C037,3,23,10.0,0.1,9.55982929022765,0.1,0.1,0.0,0.003685721637927658,5.109249165638417,3.979205794795683,0.24557996694010453,0.25250521148191013,311.6607769948984,True,0.0,10.685573665224485,0.9425383480352137,0.9466703547486045,0.9425383480352137,0.7788239848542342,0.061715824615377585,0.0480657644555134,0.2605516979251114,0.12907356225115496,0.25250521148191013,1.0,1.4339572557942093,0.003208616784063171,0.0001018755711677179,0.6565012417394608,0.6735582121707505,optimizer_terminal,
C037,3,24,0.1,0.1,10.0,0.1,7.768585792382293,2.847595778716905e-05,0.07235779161118683,5.760774510921506,4.0,0.19778503267648945,0.1951035022583982,529.5873274706834,True,0.0,11.20913524869228,0.9129048476749421,1.0244719098624446,0.9129048476749421,0.6943510794280596,0.04944625816912236,0.03433306273340862,0.2166545978808459,0.0962109859201535,0.1951035022583982,1.0,1.3386311043438774,0.0018882627059374972,7.4871271440822e-05,0.6141871065557518,0.6312440769870415,optimizer_terminal,
C037,3,25,9.934216293053968,0.1,10.0,0.1,0.1532658994639375,0.01755470601718935,0.0,5.002746111740312,3.9847443976955783,0.15,0.1551818550597043,649.3476639132173,True,0.0,10.617829267167895,0.9573695605423486,0.9364439849046138,0.9364439849046138,0.7965114176680455,0.03764356882884299,0.029983532373946374,0.16018042981532846,0.07989471740201831,0.1551818550597043,1.0,0.24358919697361192,0.001540007080295966,6.879718635268352e-06,0.6292504923466585,0.6463074627779483,optimizer_terminal,
C037,3,26,0.1,1.5937153189887125,10.0,0.48557538776183495,10.0,0.002486549364992692,0.019071327697678882,6.0683239025305244,4.0,0.15,0.14453255300612505,915.4508819570652,True,0.0,11.251894757627717,1.0910621307784654,1.2329356499067108,1.0910621307784654,0.6591605959484097,0.0375,0.024718522348065364,0.13748071330546136,0.06953255300612506,0.14453255300612505,1.0,1.559828688711899,0.0010923578967581356,5.363558887699695e-05,0.5705081925880824,0.5875651630193721,optimizer_terminal,
C037,3,27,5.0425773224628845,0.3467307573730526,10.0,0.1,4.286347956899006,0.0,0.0,5.5154617404738495,3.9951821703450667,0.19543593498355497,0.1952771194915859,526.0288827855195,True,0.0,10.986444582510673,1.007401995100653,1.031202685082582,1.007401995100653,0.7243604177375418,0.0489179032771552,0.0354341928526848,0.19399994831658865,0.09744131293727555,0.1952771194915859,1.0,1.4588039839480051,0.0019010362980538757,3.8756028399114006e-05,0.6149145495106635,0.6319715199419532,optimizer_terminal,
C037,3,28,10.0,0.1,10.0,0.1,0.3650612139721706,0.0,0.0,4.944499896944839,4.0,0.15,0.1554139024124705,632.6086461524256,True,0.0,10.602840858437137,0.9179787530863288,0.9179787530864675,0.9179787530863288,0.8089796912467454,0.0375,0.03033673842175295,0.16340247472578884,0.08041390241247048,0.1554139024124705,1.0,0.14861497882124058,0.001580756137435169,8.027175009896682e-06,0.6293000409679681,0.6463570113992578,optimizer_terminal,
C037,3,29,0.1,10.0,9.556738012695215,6.162217635624042,10.0,0.1153397726474601,0.13330196816230938,7.9,4.0,0.15,0.1313370540366562,1583.142831378651,True,0.0,11.868339383722242,1.0292711644708237,1.1059366014047507,1.0292711644708237,0.5063291139240506,0.0375,0.018987341772151896,0.14573419053969036,0.05633705403665621,0.1313370540366562,1.0,0.8867313907895314,0.0006316549462117504,2.8481097749912884e-05,0.4834982858784101,0.5005552563096998,optimizer_terminal,
C037,3,30,10.0,0.1,10.0,0.1,0.1,0.0,0.0,4.8,3.986181935400525,0.25,0.262287425371911,271.77747205738837,True,0.0,10.47408762048432,0.9000250309375034,0.9000250309374044,0.9000250309374044,0.8304545698751093,0.06271665569998135,0.052083333333333336,0.277770052394673,0.13685411397194833,0.262287425371911,1.0,1.4466775687588493,0.003679480835662643,0.00010867324800667106,0.6631616699165442,0.680218640347834,optimizer_terminal,
C037,3,31,0.1,10.0,9.949162664698088,10.0,10.0,0.30984396259394026,0.29801761684917044,7.9,4.0,0.15,0.1308249199714018,1593.4978357597763,True,0.0,11.760449807308646,0.9614330307843061,0.933813173801744,0.933813173801744,0.5063291139240506,0.0375,0.018987341772151896,0.1606317025806344,0.0558249199714018,0.1308249199714018,1.0,1.7633889613392304,0.0006275502718352938,3.213257014438585e-05,0.47456385050593575,0.4916208209372255,optimizer_terminal,
C037,3,32,10.0,0.1,10.0,0.1,0.1,0.0,0.0,4.8,3.9841266416815238,0.19709843996973594,0.20685508547161655,394.63209986815724,True,0.0,10.47046283157969,0.9001292189267386,0.9001292189266392,0.9001292189266392,0.8300263836836508,0.04947092743180207,0.04106217499369499,0.2189668281235958,0.10791323060801242,0.20685508547161655,1.0,0.6408606012212514,0.0025340057241519135,5.521283451558585e-05,0.6413200649638235,0.6583770353951133,optimizer_terminal,
C037,3,33,10.0,0.1,10.0,0.1,0.1,0.0,0.0,4.8,3.979292116941882,0.1986913941965552,0.2086915529956438,389.7342859964095,True,0.0,10.461937480063973,0.9003756342464364,0.9003756342463374,0.9003756342463374,0.8290191910295588,0.04993134164506906,0.04139404045761567,0.22067611187953853,0.10882886970550566,0.2086915529956438,1.0,0.6679681016281466,0.0025658507242783683,5.755427684520236e-05,0.6413200649638235,0.6583770353951133,optimizer_terminal,
C037,3,34,10.0,0.1,10.0,0.1,0.1,0.0,0.0,4.8,3.9689964460604914,0.22327444349759562,0.23490747366465298,322.1259371702068,True,0.0,10.4437864043444,0.9009066995755055,0.9009066995754056,0.9009066995754056,0.8268742595959357,0.05625463427139403,0.04651550906199909,0.247833037097875,0.12239820512186492,0.23490747366465298,1.0,1.0515656189802787,0.003104375912057073,8.993926263439959e-05,0.6513712621533847,0.6684282325846744,optimizer_terminal,
C037,3,35,10.0,0.1,10.0,0.1,0.1,0.0,0.0,4.8,3.964353433547573,0.25,0.2632260224302341,271.9811917018955,True,0.0,10.435602927751086,0.90114900827304,0.90114900827294,0.90114900827294,0.825906965322411,0.06306198581701203,0.052083333333333336,0.27742359776784,0.13710205079621005,0.2632260224302341,1.0,1.4664231984724834,0.0036767248269727716,0.00010975249462991708,0.6631616699165442,0.680218640347834,optimizer_terminal,
C037,11,0,0.45806897422756354,10.0,10.0,10.0,9.075796037393832,0.0,0.0,7.9,4.0,0.15,0.13077479176231793,1699.6887402355264,True,0.0,11.749889464594977,0.9090821825108376,0.9090821825108376,0.9090821825108376,0.5063291139240506,0.0375,0.018987341772151896,0.1650015838894871,0.05577479176231792,0.13077479176231793,1.0,0.9560647755562219,0.0005883430161815567,1.6097452923462053e-05,0.4784664253375534,0.49552339576884313,optimizer_terminal,
C037,11,1,10.0,0.1,10.0,0.1,0.19587741397265113,0.19385022653607323,0.20404418532788032,5.0869604726951465,3.9429540689897102,0.25,0.25900404777891173,277.1619490193188,True,0.0,10.606130758773523,0.9374229338335641,0.9852605297760314,0.9374229338335641,0.7751100269314015,0.06340423845313944,0.049145260974977914,0.2666885895117076,0.13219557087263284,0.25900404777891173,1.0,1.902990379080624,0.0036079988740817296,0.0001626259196956445,0.6657941777504492,0.682851148181739,optimizer_terminal,
C037,11,2,2.5222783035130987,0.1,9.940003385793776,0.1,7.303347760368483,0.037298587523212114,0.07990378408833895,5.120185588182551,3.9829694632114663,0.20154939751524237,0.2069521778733095,401.5459003690291,True,0.0,10.699845753524434,0.932813549367519,1.0107607597701669,0.932813549367519,0.7778955263661159,0.05060279758025892,0.03936368985929353,0.21606611273163867,0.10574658271279166,0.2069521778733095,1.0,1.545437432711634,0.0024903753196856924,7.23652862142305e-05,0.6315658868705079,0.6486228573017976,optimizer_terminal,
C037,11,3,10.0,0.1,10.0,0.1,0.17729515522615813,0.3065863038143879,0.3337075073789909,5.323635770065291,3.83787220119988,0.17963217737687037,0.18678583149327999,486.8185062719072,True,0.0,10.597821593067671,0.9065238072467219,1.1311858808405388,0.9065238072467219,0.7209118668072987,0.04680514825916033,0.03374238680770366,0.1981549474386625,0.09317553497495934,0.18678583149327999,1.0,1.6166853058105215,0.002054153626282771,0.00010937138007410979,0.637623758081068,0.6546807285123577,optimizer_terminal,
C037,11,4,4.246574253985991,0.1,10.0,0.1,4.719414644537477,0.22982702080775885,0.229692503341075,5.345676319663123,3.91971611009482,0.2244681008594295,0.22976132259517187,343.54104135778545,True,0.0,10.75628990828474,0.9663069816415956,0.9655661218426645,0.9655661218426645,0.7332498033367338,0.057266417912597116,0.04199058967221105,0.23247304952151765,0.11522848676997763,0.22976132259517187,1.0,1.4779329413559978,0.002910860361975024,0.00012101329121082996,0.6449514825900581,0.6620084530213478,optimizer_terminal,
C037,11,5,0.8357157544929537,0.6645545798435734,9.81122707264432,1.2836304021377691,9.754449478270258,0.0,0.08327834820035,5.461722883526305,3.9913727182268306,0.22493782546924576,0.224217249709669,397.37304862753865,True,0.0,10.806491593756792,0.93530344093019,1.025490894732599,0.93530344093019,0.7307900461712626,0.056356006153485586,0.04118440833893369,0.2404971644769506,0.11150523740269785,0.224217249709669,1.0,1.3346741046823694,0.0025165269850429867,7.165530646699483e-05,0.623649489525394,0.6407064599566837,optimizer_terminal,
C037,11,6,1.4366425741437678,0.1,10.0,0.1,10.0,0.0860874565280033,0.11375018466371611,5.56159748811418,4.0,0.25,0.2492787853857056,332.119047698611,True,0.0,11.059017290032347,0.9581004932253718,1.0284412357914487,0.9581004932253718,0.7192178162027175,0.0625,0.044951113512669845,0.260932962426931,0.12427878538570564,0.2492787853857056,1.0,0.8800416407208408,0.0030109685274885916,5.5244730800588205e-05,0.6698119941708148,0.6868689646021046,optimizer_terminal,
C037,11,7,3.9267842891411013,0.1,9.813185176798287,0.1,5.146160411656415,0.1169941704377247,0.1328883938853474,5.3808282677093855,3.9887727215462725,0.17199153897001207,0.1735944274478367,555.2272418824925,True,0.0,10.901269647647199,0.9648705776646217,1.0129591283084705,0.9648705776646217,0.7412934446325101,0.04311891174971195,0.03196376661974918,0.17825348077905057,0.08735660394841283,0.1735944274478367,1.0,1.5890422574604723,0.001801064365302952,5.863526836946956e-05,0.6154138637399906,0.6324708341712804,optimizer_terminal,
C037,11,8,8.98060831904693,0.37411191280143385,10.0,0.36674952096156266,1.037473658853447,0.13709867979505705,0.11407155324132238,5.4216648087393535,3.996715070263257,0.184514224298344,0.1850792027715557,535.6533024100249,True,0.0,10.89186936720173,1.0721767966585083,0.9996679191850754,0.9996679191850754,0.7371748736330629,0.046166469476692104,0.034032761302565155,0.18457551828687183,0.09274626381817151,0.1850792027715557,1.0,0.9602910191347116,0.0018668791837943958,5.1521973216953705e-05,0.6085864824878822,0.6256434529191719,optimizer_terminal,
C037,11,9,0.1,10.0,9.997849483425995,2.1063550621523164,9.982966325064195,0.06646871158474402,0.0,6.665455751313531,3.9245401833757856,0.15,0.1399415205073995,1054.167304765817,True,0.0,11.073815796727768,0.9041041443899109,1.0532115510522155,0.9041041443899109,0.5887879733658714,0.038221038132159976,0.022504087581774163,0.1659100900385983,0.06349944424307956,0.1399415205073995,1.0,1.1328667608120337,0.000948616026582374,5.8958495901562246e-05,0.524681711716015,0.5417386821473047,optimizer_terminal,
C037,11,10,5.7390191707353395,7.8068726811115035,10.0,0.1,4.306857485429067,0.0693572011862873,0.0,6.367788074912248,3.9890140342779525,0.15,0.14113392820097792,946.3418296762437,True,0.0,11.16422766497173,0.9066583160540885,1.210752537071989,0.9066583160540885,0.6264363680685029,0.03760327707825459,0.02355606032037539,0.1654427002366473,0.06592737404446872,0.14113392820097792,1.0,1.5510303066696687,0.0010567006219540285,6.564273202940181e-05,0.547684077043893,0.5647410474751827,optimizer_terminal,
C037,11,12,0.31408333847288183,10.0,9.818928267092105,1.6464992034753863,7.939462575807978,0.0,0.0,7.9,4.0,0.15,0.13252067978413276,1466.150753537681,True,0.0,12.11768987452397,0.9244470970266793,1.1950856012586817,0.9244470970266793,0.5063291139240506,0.0375,0.018987341772151896,0.16225914980148512,0.057520679784132764,0.13252067978413276,1.0,0.8904734904815402,0.0006820581018610098,2.985512504573109e-05,0.5031204549982198,0.5201774254295095,optimizer_terminal,
C037,11,13,9.461802569598717,0.1,10.0,0.1,0.1,0.0026157015480773455,0.056678901784372154,5.674271135856754,4.0,0.15,0.14861668471560394,826.9831495767038,True,0.0,11.139227445312493,1.0253707860404662,1.1107195788819921,1.0253707860404662,0.7049363529217472,0.0375,0.026435113234565516,0.14628854463392157,0.07361668471560393,0.14861668471560394,1.0,0.5089812311742018,0.0012092144809865302,8.93441005253408e-06,0.6232649018972285,0.6403218723285182,optimizer_terminal,
C037,11,14,7.812948613895874,0.1,10.0,0.1,2.985142225421905,0.12011723259561316,0.11740473252219746,6.058831285166373,3.9870742520903057,0.15,0.14608851993923838,913.9327010135992,True,0.0,11.409416552626746,1.1268578961276923,1.11812039568644,1.11812039568644,0.6580599565219322,0.03762157173806317,0.0247572498622366,0.13415371061889225,0.07084537646311202,0.14608851993923838,1.0,0.6631782704014013,0.0010941724690351354,7.129162088679428e-06,0.6152528813965746,0.6323098518278644,optimizer_terminal,
C037,11,15,0.1,10.0,10.0,4.021219022297573,10.0,0.0,0.0,7.9,4.0,0.15,0.1318606763972738,1589.435754490791,True,0.0,11.978649161025682,1.1316315786278863,1.3307907582856553,1.1316315786278863,0.5063291139240506,0.0375,0.018987341772151896,0.13255197436419755,0.0568606763972738,0.1318606763972738,1.0,1.0357044252368075,0.0006291540863948735,2.1258590091425507e-05,0.4906389974536512,0.5076959678849409,optimizer_terminal,
C037,11,16,0.10138267470993403,10.0,10.0,5.6864870333720425,10.0,0.004676333196041688,0.0,7.23910930743973,3.9994546059213048,0.15,0.134176868679439,1343.6876232351087,True,0.0,11.42014353758428,0.9573138204672151,1.0182058907185967,0.9573138204672151,0.5524788252348962,0.037505113766742294,0.020720781194150915,0.15668843047392003,0.05916664114595443,0.134176868679439,1.0,1.0773238656396236,0.0007442205931705804,3.133770083536763e-05,0.4941280004670558,0.5111849708983456,optimizer_terminal,
C037,11,19,0.10280348170380192,3.5011116211469555,10.0,8.141324882810029,10.0,0.005832955605657537,1.985899398966018e-06,6.722655181793162,3.9408103435976867,0.15,0.13899278513908883,1250.6625377987095,True,0.0,11.10332577288802,1.125078397064981,0.9549873539948319,0.9549873539948319,0.5861984940519496,0.038063237487105356,0.022312612493682868,0.15707014273281333,0.06286631016487816,0.13899278513908883,1.0,0.9153486655195169,0.0007995762004354104,1.764043032729605e-05,0.5119424018474671,0.5289993722787568,optimizer_terminal,
C037,11,20,10.0,0.1,10.0,0.1,0.15018704950053643,0.0,0.0,5.201458654697136,4.0,0.15,0.15278676300807348,708.2855145701842,True,0.0,10.789456844512502,0.9864894313385992,0.9864894313387181,0.9864894313385992,0.7690150524195423,0.0375,0.028838064465732834,0.15205434060906275,0.07778676300807348,0.15278676300807348,1.0,0.45183812846207916,0.0014118600189174273,1.0371903154541686e-05,0.6294227751011312,0.6464797455324209,optimizer_terminal,
C037,11,21,0.1,1.460725140636856,10.0,5.0165220898669185,9.636973784821615,0.025260506293763568,0.0777308542557369,5.721390271516636,3.9379652938899183,0.15,0.14682515856284722,861.5204667684828,True,0.0,10.610981126994616,0.9930406660034595,0.9024651733413385,0.9024651733413385,0.6882881794473419,0.03809073691754915,0.026217403966787556,0.166211400097171,0.07064368472774893,0.14682515856284722,1.0,1.7841263339023559,0.0011607385298122359,2.773118225089037e-05,0.5599562275168306,0.5770131979481203,optimizer_terminal,
C037,11,22,0.1,1.6203739907085213,9.565545153803448,6.304126363522307,10.0,0.028495057441066077,0.10282103303279494,6.634807659787256,3.967255806035814,0.15,0.13964104339071165,1140.7500227679218,True,0.0,11.234575620585517,1.1728826683853977,1.050410901607529,1.050410901607529,0.5979458651199276,0.037809510486263284,0.022608040457469676,0.14280125974553656,0.0640220224181851,0.13964104339071165,1.0,1.3913902019480233,0.0008766162437354985,1.6934372506301254e-05,0.5317931233418025,0.5488500937730922,optimizer_terminal,
C037,11,23,9.847275827761665,0.1,9.965640548455335,0.14009005392383345,0.11859805010827607,0.0,0.006621957397971168,4.938407434743614,4.0,0.15465697349221214,0.1602727887303541,602.8335986471594,True,0.0,10.594097332682031,0.9335553672858151,0.9379818772260599,0.9335553672858151,0.8099777211289709,0.038664243373053034,0.03131717573648141,0.16566448966155717,0.08294430198424804,0.1602727887303541,1.0,0.11957693923212774,0.0016588325571835014,4.95795231592134e-06,0.623360150554181,0.6404171209854708,optimizer_terminal,
C037,11,24,9.299680208222954,0.1,9.629042356660182,0.10807586664565816,0.3165918681159585,0.011501535953208283,0.005224446896930104,4.901482768119453,3.9420114577766516,0.15,0.1573683088801883,623.6249321364244,True,0.0,10.467857447571134,0.9338366967507408,0.9258014540219237,0.9258014540219237,0.8042487639488487,0.038051639780012726,0.030602984259302076,0.1620217805322737,0.08126502932016284,0.1573683088801883,1.0,0.17940826741690463,0.0016035279355720816,4.655710683639134e-06,0.6228849363280946,0.6399419067593843,optimizer_terminal,
C037,11,25,0.1,0.1,9.850013011422122,0.27609289989987884,10.0,0.004666829818057196,0.03751495175243848,5.208928054197692,4.0,0.25,0.25431307839259565,300.94932089555795,True,0.0,10.77732034902171,0.9649595091659884,0.9950103567316797,0.9649595091659884,0.767912314852677,0.0625,0.04799451967829231,0.2590782282834585,0.12931307839259565,0.25431307839259565,1.0,1.2509043184452189,0.0033228185962481103,7.671785702070498e-05,0.6613037927830051,0.6783607632142948,optimizer_terminal,
C037,11,26,0.1,4.340912146027623,9.302277845907069,4.857677097416891,10.0,0.0,0.015668306325511555,6.637509338573082,3.9688171466527047,0.15,0.13900165638151946,1188.8346205898692,True,0.0,11.136508627151727,1.0554088127562504,1.0507050530817044,1.0507050530817044,0.5979377119047358,0.037794636149087846,0.0225988382612576,0.14276128163660384,0.06341238408334378,0.13900165638151946,1.0,1.2786283707519035,0.0008411598911073313,1.5930522103315786e-05,0.5174519272376353,0.5345088976689251,optimizer_terminal,
C037,11,27,0.1,0.1,10.0,0.1,9.624969898965965,0.08916032294820239,0.12392708159128513,5.35878697977787,4.0,0.25,0.25218243346800684,302.4020737935736,True,0.0,10.904697096397127,0.9661749059553143,1.06063132732499,0.9661749059553143,0.7464375828139014,0.0625,0.046652348925868836,0.2587523216128349,0.12718243346800687,0.25218243346800684,1.0,0.9652192787693339,0.0033068556291800505,7.673854366565161e-05,0.6710057080956232,0.6880626785269129,optimizer_terminal,
C037,11,28,0.45341902252364213,10.0,8.571864623333905,5.677322769814336,9.807391289218018,0.0,0.0,7.9,4.0,0.15,0.13134699486441467,1639.3844669122225,True,0.0,11.870433584770026,0.9249278339026781,0.9611574849068605,0.9249278339026781,0.5063291139240506,0.0375,0.018987341772151896,0.16217481461995137,0.05634699486441468,0.13134699486441467,1.0,1.068555563454945,0.0006099850402288477,2.1868505777902536e-05,0.48005514577442526,0.497112116205715,optimizer_terminal,
C037,11,29,4.183172828296836,10.0,8.629462118277871,0.1,4.038168200979584,0.0,0.0,7.9,4.0,0.15,0.13323360497231007,1403.0858765391795,True,0.0,12.267879447499991,0.9221828760401692,1.4383920875572074,0.9221828760401692,0.5063291139240506,0.0375,0.018987341772151896,0.1626575421179976,0.05823360497231008,0.13323360497231007,1.0,1.1945122971139122,0.0007127147501951754,3.7784975991662546e-05,0.5062996826227701,0.5233566530540599,optimizer_terminal,
C037,11,30,0.1,2.2984404082180365,9.638459204823421,7.704153117784919,10.0,0.11300075964105537,0.16787652517567975,7.187464845891932,3.9811510366396057,0.15,0.13596108051884584,1295.0763974332551,True,0.0,11.561353292562039,1.2249906144711058,1.1388504268409836,1.1388504268409836,0.5539019838010161,0.0376775456694583,0.020869667291066336,0.1317117651841951,0.06060598917992925,0.13596108051884584,1.0,1.0817035316165586,0.0007721552195545571,2.3526770806156802e-05,0.5079741639406707,0.5250311343719605,optimizer_terminal,
C037,11,31,7.3081450811048985,4.506351972720055,10.0,9.230602435921993,3.163261748783111,0.1780032041417544,0.22057242783623454,7.085155267967523,3.942521393695196,0.15,0.13667589540732517,1291.8356146420326,True,0.0,11.281817509656982,0.992832833241878,1.0608672065866807,0.992832833241878,0.5564481291637472,0.03804671808246293,0.021171025097807012,0.151082835879035,0.060582459242399314,0.13667589540732517,1.0,1.4488698780353517,0.0007740922983278331,2.2353546623980798e-05,0.49090061698566567,0.5079575874169554,optimizer_terminal,
C037,11,32,4.025239523260078,10.0,8.598104715549756,0.1,4.628632497659194,0.056844149172327156,0.018050201850219758,7.9,4.0,0.15,0.13319352489330297,1413.02719325969,True,0.0,12.259435910855823,0.9852932047536593,1.5257932792212876,0.9852932047536593,0.5063291139240506,0.0375,0.018987341772151896,0.1522389470223766,0.058193524893302956,0.13319352489330297,1.0,1.1800491595274933,0.000707700463777428,4.037394446535898e-05,0.5064018942275369,0.5234588646588266,optimizer_terminal,
C037,11,33,0.1,10.0,10.0,10.0,10.0,0.08823656454220544,0.0,7.9,4.0,0.15,0.13082946568358172,1679.9525210812583,True,0.0,11.76140743734122,0.9651140854296854,0.9174170035145296,0.9174170035145296,0.5063291139240506,0.0375,0.018987341772151896,0.1635025287577683,0.055829465683581735,0.13082946568358172,1.0,0.9803330586424485,0.0005952549178927841,1.369921288331489e-05,0.4757219904452241,0.49277896087651385,optimizer_terminal,
C037,11,34,10.0,0.1,9.985591916308515,0.1,0.1,0.496118272844153,0.4593288400361281,5.8173990760341265,3.8361639306530937,0.15,0.1519122914729278,730.3749297887359,True,0.0,10.966202660118281,1.34377587296683,0.9068044293446743,0.9068044293446743,0.6594293911271955,0.03910156153688224,0.02578471891638882,0.16541604247390077,0.07370916839916335,0.1519122914729278,1.0,2.338023154937676,0.0013691598098653991,5.7620460605515155e-05,0.6340591756788664,0.6511161461101561,optimizer_terminal,
C037,11,35,0.1,10.0,10.0,4.568881222576134,10.0,0.0,0.0,7.9,4.0,0.15,0.131717573812086,1604.7994585828997,True,0.0,11.94850221641279,1.1324114527956923,1.289984274615247,1.1324114527956923,0.5063291139240506,0.0375,0.018987341772151896,0.1324606878795518,0.05671757381208602,0.131717573812086,1.0,1.0102627676606393,0.0006231308184033405,2.0052489060371008e-05,0.49033643091715906,0.5073934013484488,optimizer_terminal,
C037,29,0,0.1,10.0,9.515720926462567,10.0,10.0,0.017773143968364404,0.015150698386301203,7.9,4.0,0.15,0.13078325115808892,1694.7440609143039,True,0.0,11.751671577304071,0.9019327840268613,0.9019327840268287,0.9019327840268287,0.5063291139240506,0.0375,0.018987341772151896,0.166309510704667,0.05578325115808894,0.13078325115808892,1.0,0.99974703015367,0.0005900595984154128,1.6315214782453025e-05,0.4747233531685395,0.4917803235998292,optimizer_terminal,
C037,29,1,10.0,0.1,9.061317095285693,0.1,0.1,0.2318455641553468,0.2235631582651345,5.31742033214772,3.9601488001945544,0.25,0.25454451792453875,299.90752245955554,True,0.0,10.805724841549115,0.9817232036843621,0.9365150471689428,0.9365150471689428,0.7447500014720558,0.0631289410104282,0.04701527891044572,0.2669471256823289,0.1282866359036824,0.25454451792453875,1.0,1.9221970624034275,0.0033343611784024405,0.00016260498049035116,0.6583912803937945,0.6754482508250842,optimizer_terminal,
C037,29,2,10.0,0.1,9.021612139117156,0.3841402761462174,0.1,0.0446857162939922,0.06833372519022105,5.195332133158947,3.978862371375374,0.18312303835193772,0.1870099450355938,521.9680674688498,True,0.0,10.719613665313224,0.9158798602145876,0.9335563334754994,0.9158798602145876,0.765853321673216,0.04602396897901184,0.03524760951916127,0.19994220454747483,0.0949620070775701,0.1870099450355938,1.0,0.789469962855499,0.0019158260099113793,3.122852078704596e-05,0.6133340518429443,0.630391022274234,optimizer_terminal,
C037,29,3,1.3519723168445346,1.2997605463418198,9.460326969856416,1.8286180514505472,7.245971959631558,0.11210361492217315,0.05660581762871926,5.808534169226307,3.988814209369403,0.21494510068837758,0.2091855086845795,492.17539581090466,True,0.0,10.931262673409881,1.1065010034958598,0.9328356840508749,0.9328356840508749,0.6867161478539965,0.053886967255453735,0.03700505057319963,0.23042118174014334,0.10141157417367201,0.2091855086845795,1.0,1.196143569193444,0.0020317959989698533,5.041825694073697e-05,0.6083198715656813,0.6253768419969711,optimizer_terminal,
C037,29,4,7.887824252810669,0.3789649447973389,9.900703133686367,0.779552392100578,2.0954618001592533,0.10817436710463058,0.01511061959087647,5.363870697883368,3.990470758506724,0.21645776470901784,0.21772156975376714,423.3270610108816,True,0.0,10.80159880623589,1.1270092417267237,0.9078443984947421,0.9078443984947421,0.7439535707080709,0.05424366642646909,0.040354769326269184,0.23843046789506792,0.10923423690082894,0.21772156975376714,1.0,1.3527594557585494,0.0023622397245573086,6.457219440444998e-05,0.6202955781956896,0.6373525486269793,optimizer_terminal,
C037,29,6,10.0,0.1,9.063107439604746,0.1,0.1,0.04645917572211498,0.07191931886593693,5.576305648567555,3.9878904686981143,0.23753982690082093,0.23712166711785848,382.0069557754266,True,0.0,11.045938107857836,0.9874096601469862,1.0358508305766914,0.9874096601469862,0.7151491901672439,0.059565283641897046,0.04259806435858485,0.24056866819133677,0.11799109983406439,0.23712166711785848,1.0,1.3905296863462868,0.002617753380877907,8.694236768210366e-05,0.6540620846271722,0.6711190550584619,optimizer_terminal,
C037,29,7,0.1,10.0,10.0,2.3222501298185136,10.0,0.01470834264669077,0.006707330490345498,7.046528385616512,4.0,0.15,0.13600718409900683,1172.218538923281,True,0.0,11.463702786138239,0.9337452332230722,1.1702595527475923,0.9337452332230722,0.5676554157029814,0.0375,0.021287078088861804,0.16064339036273817,0.06100718409900682,0.13600718409900683,1.0,1.0561884183075805,0.0008530832492365554,4.882419388536872e-05,0.5175345387387853,0.534591509170075,optimizer_terminal,
C037,29,8,0.8438624046701682,10.0,10.0,5.143019241880121,10.0,0.0,0.0,7.1813906156438385,4.0,0.15,0.1346254937772274,1317.7349440264143,True,0.0,11.418505639064294,0.9146302534039075,0.9901774300186699,0.9146302534039075,0.5569951857633892,0.0375,0.020887319466127097,0.1640006980326277,0.05962549377722741,0.1346254937772274,1.0,1.0921151163617013,0.0007588779553378489,3.394379232761557e-05,0.4939657097343537,0.5110226801656435,optimizer_terminal,
C037,29,9,8.644309586876645,0.1,9.545452668344744,2.8431620635135695,0.1,0.0001723455304913097,0.021306382318040742,5.981253618834188,4.0,0.15,0.1446766162277824,992.8444991273703,True,0.0,11.113427012281186,1.1790551942589642,0.9590325814541754,0.9590325814541754,0.668756126208145,0.0375,0.025078354732805435,0.1564076162798931,0.06967661622778241,0.1446766162277824,1.0,1.229678176650782,0.0010072070710760031,3.6700325586720986e-05,0.5848987164902415,0.6019556869215312,optimizer_terminal,
C037,29,10,8.662755745957522,0.1,9.863925916025549,0.1,0.1,0.05396865152592758,0.09017131807745254,5.759242711081955,4.0,0.15,0.1479484495952402,828.8246600136007,True,0.0,11.203408709763105,1.0029525733070033,1.0809869140177986,1.0029525733070033,0.6945357576792495,0.0375,0.026045090912971854,0.1495584178077432,0.07294844959524019,0.1479484495952402,1.0,0.5380878060675554,0.0012065278076832202,1.1767742545884078e-05,0.6147371666749729,0.6317941371062626,optimizer_terminal,
C037,29,11,0.1,8.663114896138222,10.0,8.69496947123862,10.0,0.009135491572395918,0.017303280616473207,7.340832252055011,3.9947753728820397,0.15063135817313714,0.1340509902101696,1440.6953311382154,True,0.0,11.415438413593742,0.9521614943050796,0.9588521352040746,0.9521614943050796,0.5441856230625256,0.0377070909157187,0.020519656763845682,0.15819938011993764,0.058636808378732204,0.1340509902101696,1.0,0.9078894391867487,0.0006941092806970882,1.711544666316579e-05,0.4880819336436416,0.5051389040749313,optimizer_terminal,
C037,29,12,10.0,0.1,9.941764658503411,0.1,0.1,0.1784571190569506,0.033628292979828445,5.823969105233584,3.995833292967346,0.25,0.24592196209948988,374.8963947809735,True,0.0,11.244061412838288,1.3432937024010279,0.9089548818310901,0.9089548818310901,0.6861013890641311,0.06256517268625776,0.04292605188707868,0.27504115440402815,0.12079161672697437,0.24592196209948988,1.0,1.5543555244693277,0.002667403618496337,9.717910361246747e-05,0.666810367594251,0.6838673380255408,optimizer_terminal,
C037,29,14,9.305410533945262,1.6088370047186342,10.0,4.094366597178945,0.8175985972594453,0.0064620867033024325,0.0,6.277523989262265,4.0,0.15318510217434322,0.14459253371822395,1090.821235477604,True,0.0,11.146554493269633,1.23708751254759,1.0410798678627193,1.0410798678627193,0.6371939011052795,0.038296275543585806,0.02440215321142015,0.1471405863306376,0.06799998263105232,0.14459253371822395,1.0,1.5024554135586365,0.0009167404955791505,3.677831704787686e-05,0.5472537525151082,0.564310722946398,optimizer_terminal,
C037,29,15,10.0,10.0,10.0,2.156245256928033,0.1,0.0,0.10178642446857743,7.500167393292933,4.0,0.15,0.13414313303204983,1344.604722353193,True,0.0,11.828890610777774,0.9271558962996653,1.3253455010176274,0.9271558962996653,0.5333214300759505,0.0375,0.019999553627848138,0.16178508986315998,0.059143133032049856,0.13414313303204983,1.0,1.4727479216343498,0.0007437129911680659,5.066579287542149e-05,0.5010770390718599,0.5181340095031496,optimizer_terminal,
C037,29,16,0.1,2.1778433151559065,8.88003382503921,3.714969375872924,10.0,0.0,0.04302617598528579,5.838701650917351,3.9812573408728387,0.15,0.14483978140334788,905.5906873480711,True,0.0,10.76829577228158,0.9286230356899733,0.9047557208253526,0.9047557208253526,0.68187374161297,0.03767653963486682,0.025690643051856,0.16579060684265615,0.06948670213361426,0.14483978140334788,1.0,1.905326927306006,0.0011042516381527694,2.4328427864323657e-05,0.5499710112553597,0.5670279816866495,optimizer_terminal,
C037,29,17,0.1,10.0,10.0,10.0,10.0,0.1834906491745082,0.19102896279530038,7.9,4.0,0.15,0.13083007109022182,1608.1298141220568,True,0.0,11.761534976340066,0.9617489401736519,0.9705953312328472,0.9617489401736519,0.5063291139240506,0.0375,0.018987341772151896,0.155965859419524,0.055830071090221825,0.13083007109022182,1.0,1.2779750596447448,0.0006218403459834743,2.6048369386633638e-05,0.4751011384233328,0.4921581088546225,optimizer_terminal,
C037,29,18,9.387096689764368,0.1,9.862644664540316,0.13778042076224237,0.1,0.025218843530973808,0.02265914049311903,5.831834258314179,4.0,0.15,0.1473594773035572,895.2664287386258,True,0.0,11.253026097402456,1.10574530059587,1.0974570689658951,1.0974570689658951,0.6858905488093019,0.0375,0.025720895580348818,0.13667960619301586,0.07235947730355718,0.1473594773035572,1.0,0.41818605624819793,0.0011169859249708907,7.297928707240811e-06,0.6136411194739292,0.6306980899052189,optimizer_terminal,
C037,29,19,10.0,0.1,9.732309687095626,0.1,0.1,0.09947442381506821,0.001930759825759654,5.63345938830904,4.0,0.25,0.24824548524947546,359.1160373738428,True,0.0,11.108774975125774,1.1584159093621802,0.974331356075356,0.974331356075356,0.7100432832268371,0.0625,0.04437770520167732,0.25658622032550565,0.12324548524947547,0.24824548524947546,1.0,1.5825514517958865,0.002784615266176463,9.694315248693327e-05,0.6633691257367654,0.6804260961680552,optimizer_terminal,
C037,29,20,9.851062155885266,0.1,9.977596050771211,0.1994043518070896,0.31649697705093915,0.0,0.0,4.84707586230305,3.9863577989706576,0.15099896984584213,0.15780727179630655,602.1340580058697,True,0.0,10.499233061651246,0.907499632375212,0.9004957432345558,0.9004957432345558,0.8224252956248495,0.037878930457479885,0.03115259057944601,0.1676842683380801,0.08204941088134678,0.15780727179630655,1.0,0.0842898323550996,0.0016607597373112747,5.6630308626303045e-06,0.6208339922331381,0.6378909626644278,optimizer_terminal,
C037,29,21,1.5128725790887634,0.489713873142521,10.0,0.519123871856376,8.272572164825213,0.027175252151994136,0.001684099758608184,6.6495614235274845,4.0,0.15,0.1414765250611677,1163.5590536725977,True,0.0,11.78772630978397,1.2909296681214188,1.2466240063193066,1.2466240063193066,0.6015434319994694,0.0375,0.0225578786999801,0.12032497307899544,0.06647652506116772,0.1414765250611677,1.0,0.9655427048620825,0.000859432099164758,2.3166608584388228e-05,0.5493825541432544,0.5664395245745442,optimizer_terminal,
C037,29,22,7.115309427467259,1.6292015407994644,9.747151664044859,0.1,2.4651909100082867,0.12765868003510772,0.001979863591411578,5.320810397566337,3.9992424092207597,0.25,0.25105328449406983,324.42849351570715,True,0.0,10.727242048493565,1.0491533800090043,0.9165598288890031,0.9165598288890031,0.7516227999873771,0.06251183959831826,0.046985323911249766,0.2727590628786715,0.12602960529743332,0.25105328449406983,1.0,1.8712485997547181,0.003082343320598581,0.0001376657531911015,0.6343458956510506,0.6514028660823403,optimizer_terminal,
C037,29,23,0.1,10.0,10.0,10.0,10.0,0.078979229685747,0.052945021473178686,7.9,4.0,0.15,0.13083002867979024,1662.5460455542845,True,0.0,11.761526041875813,0.9702102787183687,0.9557881837198824,0.9557881837198824,0.5063291139240506,0.0375,0.018987341772151896,0.15693853780050626,0.05583002867979025,0.13083002867979024,1.0,0.9609902241526744,0.0006014871002665102,1.574447877031247e-05,0.47579275877388616,0.4928497292051759,optimizer_terminal,
C037,29,24,4.925287678533266,9.78583015835565,9.942400319661694,0.7775260375645553,10.0,0.17806899188824454,0.023866843107331708,7.772882080053025,4.0,0.15,0.13357668253020272,1509.7654195563305,True,0.0,12.141590558612476,1.0322290020720015,0.9845299139629302,0.9845299139629302,0.5146096336987931,0.0375,0.01929786126370474,0.1523569755196365,0.05857668253020273,0.13357668253020272,1.0,1.2773085651163552,0.00066235455326157,3.11041562239075e-05,0.4974625351524141,0.5145195055837039,optimizer_terminal,
C037,29,25,8.174784770593359,3.066149568537165,10.0,0.2778618068122096,1.0236090918506662,0.0,0.0,6.471856133747903,4.0,0.1509192714262318,0.142213225164117,1096.7313222937325,True,0.0,11.450350197305816,1.0421218030725536,1.337535521651745,1.0421218030725536,0.6180607104570429,0.03772981785655795,0.02331931802983903,0.14481922456786428,0.0667535894510011,0.142213225164117,1.0,1.3823981550151283,0.0009118003467873734,9.738184018614175e-06,0.5505563943975251,0.5676133648288149,optimizer_terminal,
C037,29,26,10.0,10.0,10.0,0.762111342413029,0.1,0.14732326088135284,0.04660455308669583,7.198408893756465,4.0,0.15652451033869436,0.141648089511262,1133.5423430272397,True,0.0,11.660209705884446,1.0529440680470008,1.2216104627523658,1.0529440680470008,0.5556783532357265,0.03913112758467359,0.02174432053650853,0.14865415465896095,0.0633858343419148,0.141648089511262,1.0,1.7667829078392339,0.0008821902473703793,6.935082594208663e-05,0.5227681373550451,0.5398251077863349,optimizer_terminal,
C037,29,28,0.1,10.0,9.945474714031727,8.844018601693698,10.0,0.0,0.0032963996366693385,7.630361647038908,4.0,0.15,0.13198073643286368,1563.6810543682209,True,0.0,11.59423002392948,0.9470467910645619,0.9513137427405949,0.9470467910645619,0.5242215487325255,0.0375,0.019658308077469704,0.15838710548967397,0.05698073643286366,0.13198073643286368,1.0,1.0727533602278359,0.0006395166055164832,1.9166708992283315e-05,0.481062110833384,0.49811908126467375,optimizer_terminal,
C037,29,29,9.59700914747374,0.1,9.847490125731909,0.18417666645823827,0.20579021567932843,0.0,0.03141249741484024,5.092293831539676,3.9854563970614967,0.15044994104551454,0.15463749589079206,663.2642103007047,True,0.0,10.675412312485209,0.951002081840467,0.9846303352404526,0.951002081840467,0.78264462517405,0.03774973956720296,0.029544630773991568,0.1582014844324525,0.07913801675638613,0.15463749589079206,1.0,0.3640967746418639,0.0015076947986483835,9.982736404169953e-06,0.6177726301731268,0.6348296006044165,optimizer_terminal,
C037,29,31,10.0,10.0,10.0,2.817593086675042,0.1,0.016361419679579034,0.0883802959012829,7.9,4.0,0.15,0.13229161450110055,1556.3432023066478,True,0.0,12.069433454898515,1.0443028146262225,1.4200801226076714,1.0443028146262225,0.5063291139240506,0.0375,0.018987341772151896,0.14363649881925108,0.05729161450110054,0.13229161450110055,1.0,1.3770489825010197,0.0006425318005166891,3.468999652295669e-05,0.4910217812163612,0.5080787516476509,optimizer_terminal,
C037,29,32,10.0,0.1,10.0,0.1,0.24328517058364338,0.0,0.0,5.1104580729838816,4.0,0.15,0.1536849626279097,681.2778749935848,True,0.0,10.723098732912964,0.9614800225755004,0.9614800225755132,0.9614800225755004,0.7827087010351872,0.0375,0.02935157628881952,0.1560094817136164,0.0786849626279097,0.1536849626279097,1.0,0.3408688219443079,0.001467829848443877,9.803388587414737e-06,0.6292980857200445,0.6463550561513343,optimizer_terminal,
C037,29,33,10.0,0.1,9.554924099178775,0.1,0.1,0.04875829419616587,0.028477230056825023,5.307062724281778,4.0,0.15,0.15178568311797594,727.9459608614193,True,0.0,10.86683831023794,1.0021164234852682,0.970198622427987,0.970198622427987,0.7537125916561186,0.0375,0.028264222187104445,0.15460751698926858,0.07678568311797594,0.15178568311797594,1.0,0.6294042589576261,0.0013737283449126415,1.0830225309862387e-05,0.6245752934090969,0.6416322638403866,optimizer_terminal,
C037,29,34,7.159092834924338,0.1,8.811861978004679,0.1,0.1,0.09537317546221512,0.09473534926974865,5.377529845589627,3.9916343976719295,0.25,0.2522575954179111,309.269104075012,True,0.0,10.90391175956502,0.9194268504130179,0.917955142794172,0.917955142794172,0.7422802870997848,0.06263098648157991,0.04648974662688988,0.27234446253988265,0.12699562245475124,0.2522575954179111,1.0,1.7655262261449527,0.0032334300026214515,0.00014851448832055628,0.6470072638886868,0.6640642343199765,optimizer_terminal,
C037,29,35,0.1,6.267564208246848,10.0,8.038481682588783,9.975687564441094,0.04806312510061351,0.0,7.461130731221243,3.999949408284657,0.15,0.13329187217656915,1511.375066173578,True,0.0,11.597618677588034,1.1680768442130949,1.0740794427891864,1.0740794427891864,0.5361049889592194,0.03750047430333029,0.020104191362352378,0.13965447435664313,0.058290923569908566,0.13329187217656915,1.0,0.6281326347458825,0.0006616491315631855,4.731606599130205e-06,0.4924096739006175,0.5094666443319072,optimizer_terminal,
C037,47,0,0.1,0.3620479597698145,9.999503170671364,0.10079431080974094,10.0,0.10973460272467041,0.061465898563807304,5.088712076625204,3.933604679872606,0.25,0.2590654329113501,284.5734512228854,True,0.0,10.565407902436041,1.0072614787748777,0.9204708120042995,0.9204708120042995,0.7730059434766338,0.06355493760702371,0.049128344507515964,0.2716001384722151,0.13195555769730266,0.2590654329113501,1.0,1.0913373056412625,0.003514031248181243,7.30074130292312e-05,0.6670754842514266,0.6841324546827163,optimizer_terminal,
C037,47,1,10.0,0.1,9.8756868074464,0.7524056967148471,0.1,0.0,0.03685136090894315,5.591113332670598,3.948267898347495,0.23423849293735283,0.23454878309210084,401.3877842814545,True,0.0,10.9222291315309,1.066079248199281,1.0549170852287002,1.0549170852287002,0.7061684611679304,0.0593268995336894,0.04189478534956985,0.2220444584861105,0.11589498402472204,0.23454878309210084,1.0,1.391902584387394,0.002491356337089712,8.728529348127631e-05,0.6424622779190685,0.6595192483503582,optimizer_terminal,
C037,47,2,10.0,0.1,9.886284410655216,0.1,0.1,0.0,0.028926764705453294,5.087404097087639,3.9725237876901125,0.20641332273372354,0.21277562584169118,410.3185872814249,True,0.0,10.657955779434369,0.9407943853862555,0.977592202762425,0.9407943853862555,0.7808547762038883,0.0519602483875234,0.040573408126138036,0.21940322555069017,0.10885512906664441,0.21277562584169118,1.0,0.8675976776627927,0.0024371306370143324,6.153903943344628e-05,0.6452299519349654,0.6622869223662551,optimizer_terminal,
C037,47,3,10.0,0.1,9.708837616701464,0.1,0.1,0.0,0.0,4.981197524110877,3.955603361477649,0.23062858433321964,0.24010672546198425,330.1448137000467,True,0.0,10.551007030153338,0.9260475910754767,0.9260475910755417,0.9260475910754767,0.79410690749183,0.05830427453349781,0.04629982714335061,0.24904614682424292,0.12349817639498861,0.24010672546198425,1.0,1.200298696791487,0.003028973827553598,9.021573486381973e-05,0.6537430846790957,0.6708000551103854,optimizer_terminal,
C037,47,4,10.0,0.1,9.940462673056992,0.1,0.1,0.28637299837224733,0.2725037152990176,5.504551255977625,3.9618638745447985,0.25,0.25169397937273336,308.7344715592341,True,0.0,10.946951379328388,1.1026385604227478,0.9998352523599633,0.9998352523599633,0.7197432979195976,0.06310161275511364,0.04541696286841083,0.25004119369657346,0.1254907538625061,0.25169397937273336,1.0,2.003965163510038,0.003239029302266103,0.00016904142650561263,0.6652390929510427,0.6822960633823324,optimizer_terminal,
C037,47,5,10.0,0.1,9.698728287067736,0.1,0.1,0.0,0.0,5.002718069712248,3.9923348162809944,0.18334439501857558,0.1894392991934526,489.19716738119877,True,0.0,10.631034576454972,0.9285613316016762,0.9285613316015369,0.9285613316015369,0.7980331413140437,0.045924102926158776,0.03664895612019196,0.19744995702368112,0.09759109334113504,0.1894392991934526,1.0,0.4718282827871163,0.0020441655567084807,2.313738112581682e-05,0.6366817030306456,0.6537386734619354,optimizer_terminal,
C037,47,6,10.0,0.1,9.655059261454495,0.1,0.622628138628972,0.09924572184803533,0.1519613287091411,5.494296816735632,3.998733742083541,0.20127014678913172,0.20147824067059586,473.23246863602094,True,0.0,11.004351531368215,0.9227483320551345,1.0854494558099406,0.9227483320551345,0.7277971823261159,0.05033347048614942,0.036632557996514256,0.21812030409295366,0.10081129969829704,0.20147824067059586,1.0,1.005389096276788,0.002113126351795472,6.601789509154379e-05,0.6377956327113093,0.6548526031425991,optimizer_terminal,
C037,47,7,9.77659269438819,0.10238790953072804,10.0,0.12494401308325045,0.5258800049127503,0.01740808486450242,0.0,5.059019331701829,4.0,0.16969150069668168,0.1744303532442922,560.6844544804392,True,0.0,10.683157047059156,0.9578849932147403,0.9352352678575812,0.9352352678575812,0.7906670715674889,0.04242287517417042,0.03354237048143446,0.18144258084429138,0.08958460289595138,0.1744303532442922,1.0,0.3412513928199655,0.0017835343783994414,1.1126885859986721e-05,0.6265021076670005,0.6435590780982903,optimizer_terminal,
C037,47,9,0.1,7.472412186224421,9.905569957270535,10.0,10.0,0.0,0.0,7.260123411490154,3.99933847374644,0.15,0.1337478112100813,1448.1820020874761,True,0.0,11.369487194819953,0.9185916498838381,0.902533311777088,0.902533311777088,0.5508637039718817,0.037506202834461586,0.020660805815312197,0.16619885165750836,0.05873540554115815,0.1337478112100813,1.0,0.6903469786010126,0.0006905209418143259,1.748823774021391e-05,0.4864020730585916,0.5034590434898814,optimizer_terminal,
C037,47,10,9.551497757473985,0.2189160852144211,10.0,0.1323971208565944,0.1,0.0,0.0,4.991283867782069,4.0,0.17850222178345054,0.18421477978373513,502.655435279495,True,0.0,10.621506529842682,0.9225622347004673,0.9290608880419947,0.9225622347004673,0.8013970164709233,0.044625555445862636,0.03576278699267208,0.19348529028115455,0.09496366889200986,0.18421477978373513,1.0,0.39967300174659,0.001989434371567002,2.7475507774582046e-05,0.6135642207350319,0.6306211911663216,optimizer_terminal,
C037,47,11,10.0,10.0,9.541516603595557,3.476471655928454,0.1,0.0,0.03606368640735073,7.247158403000898,4.0,0.15,0.13467162249954043,1311.6710921767265,True,0.0,11.531992011153115,0.9105290702813026,1.081522535390414,0.9105290702813026,0.5519404679141114,0.0375,0.020697767546779176,0.1647393860293317,0.059671622499540417,0.13467162249954043,1.0,1.4334936506544178,0.0007623862460371019,5.542627250068213e-05,0.4952108564211913,0.512267826852481,optimizer_terminal,
C037,47,12,5.361668658999339,0.1,9.886228860292265,0.1,4.253035128863089,0.025997241142929384,0.038792995569366405,5.159720995321668,3.977861041756476,0.17269023876049072,0.17701882300972163,540.8178130175091,True,0.0,10.719673864861413,0.9614549981255586,0.980427172930315,0.9614549981255586,0.7709449881811851,0.04341283844451166,0.033468910221515734,0.17961343910756675,0.09019314612069836,0.17701882300972163,1.0,1.1059180795886077,0.0018490515214735072,4.443575328522508e-05,0.6204138563812577,0.6374708268125474,optimizer_terminal,
C037,47,13,10.0,2.855205054866836,10.0,0.4014752632755543,0.1,0.0,0.06643312421742488,6.369213431632789,3.9887937282760095,0.15,0.14236422547583508,1056.0437402394964,True,0.0,11.373781685596809,1.0356280738287127,1.4241741877713858,1.0356280738287127,0.6262615896125585,0.037605353953670415,0.023550788744968548,0.1448396425228708,0.06715351756849426,0.14236422547583508,1.0,1.1986372788825415,0.0009469304744642618,1.2290042728559849e-05,0.5530350945720072,0.5700920650032969,optimizer_terminal,
C037,47,14,9.432439518783621,0.1,10.0,0.1,0.1,0.04033399729047405,0.21433005592982324,6.377188045393478,3.997713836073976,0.15,0.14369665779428342,1000.0908668406024,True,0.0,11.668473487251182,0.9016416481086316,1.5328110562678254,0.9016416481086316,0.6268772078881537,0.0375214450435277,0.02352133870481545,0.16636321127651338,0.06865376770722802,0.14369665779428342,1.0,0.6161078811233172,0.0009999091414154301,2.3521468306191207e-05,0.6083125443359755,0.6253695147672652,optimizer_terminal,
C037,47,16,0.1,0.1,10.0,0.1,9.237836153797886,0.03444529465981755,0.027633378452296225,5.718815522767976,4.0,0.15,0.14826301320490684,787.0237456278584,True,0.0,11.172737524292707,1.0681252990167436,1.057469749836185,1.057469749836185,0.6994455379920966,0.0375,0.02622920767470362,0.14184802924455933,0.07326301320490686,0.14826301320490684,1.0,1.6264483198792852,0.0012706096932338898,5.680139692999698e-05,0.5935948570183236,0.6106518274496133,optimizer_terminal,
C037,47,17,10.0,0.26062274981493744,10.0,0.12976649584335903,0.1,0.0,0.0,5.030986788415853,4.0,0.20112954169523267,0.2069783151138287,424.49960672733795,True,0.0,10.647170590644455,0.9436258686209101,0.953687026498355,0.9436258686209101,0.7950726504013563,0.05028238542380817,0.03997814944740969,0.213145430178996,0.10641354426621231,0.2069783151138287,1.0,0.7237551804127675,0.0023557147854846284,5.0623775793035654e-05,0.6187148634526045,0.6357718338838942,optimizer_terminal,
C037,47,18,0.1,6.509589443410579,10.0,5.665057307528816,10.0,0.0755288751474938,0.0773227826204845,6.827796796788909,4.0,0.15,0.13661021902144022,1198.3810526818984,True,0.0,11.21765482890807,1.0350122791925567,1.0665888388418145,1.0350122791925567,0.5858405162088578,0.0375,0.021969019357832166,0.14492581683863634,0.061610219021440225,0.13661021902144022,1.0,1.136136950638493,0.0008344591211301826,2.419607501062371e-05,0.516163265031935,0.5332202354632247,optimizer_terminal,
C037,47,19,10.0,0.1,10.0,0.1,0.1,0.0,0.07558914372069206,5.778423033918002,4.0,0.15,0.14779900763399922,857.6837548949078,True,0.0,11.217692334897965,1.0428748401746766,1.1744325512863485,1.0428748401746766,0.6922303847470025,0.0375,0.025958639428012593,0.14383317558497788,0.07279900763399924,0.14779900763399922,1.0,0.3624115924787653,0.001165930909024306,6.274760033178939e-06,0.6283476794456347,0.6454046498769245,optimizer_terminal,
C037,47,20,8.18884134907088,1.7401766736477757,9.796039905700752,1.1849318765911137,3.792159336638818,0.04588425860749566,0.07488199583538958,6.5245756834047945,4.0,0.15,0.14129545535690938,1124.2796619659582,True,0.0,11.534659091785041,1.0699570390354147,1.1847532272176922,1.0699570390354147,0.6130666872596738,0.0375,0.02299000077223777,0.1401925446793898,0.06629545535690938,0.14129545535690938,1.0,1.3889033829731314,0.0008894584095307408,1.1411520700263414e-05,0.5470693733560655,0.5641263437873553,optimizer_terminal,
C037,47,22,3.0657438874909264,0.1,10.0,0.1,7.084314105551944,0.029307999197263623,0.03997457664428007,5.306218709139369,4.0,0.15,0.15179462557577109,681.9311561452726,True,0.0,10.866375439773575,1.0008278938480226,1.0173125118543558,1.0008278938480226,0.753832478316517,0.0375,0.028268717936869386,0.14987591864898375,0.07679462557577106,0.15179462557577109,1.0,1.6288424003452033,0.0014664236865971393,4.856790629729412e-05,0.6079266783388734,0.6249836487701631,optimizer_terminal,
C037,47,23,7.7751260148813035,0.21941888619889904,9.812571099023828,0.13606938576627303,0.14312779570833056,0.05347420076369106,0.017311392887819632,6.025033670570223,4.0,0.15,0.1458754510084476,948.9298532687917,True,0.0,11.387386099806589,1.0579150709579908,1.0094934081236178,1.0094934081236178,0.6638967047667023,0.0375,0.024896126428751334,0.14858938036931857,0.07087545100844761,0.1458754510084476,1.0,0.7239812458432342,0.0010538186743259117,7.767157884324023e-06,0.596425854303847,0.6134828247351367,optimizer_terminal,
C037,47,24,10.0,5.9651945480341,9.995687396832627,0.1,0.1,0.0,0.0,6.766157507523664,4.0,0.15,0.13900269331244083,1149.6187844886458,True,0.0,11.548061436205497,0.9993968108133462,1.5146983313083398,0.9993968108133462,0.5911774881906281,0.0375,0.022169155807148552,0.15009053298651656,0.06400269331244084,0.13900269331244083,1.0,1.4622366926816686,0.0008698535666714973,3.731769067023634e-05,0.5388802682514623,0.555937238682752,optimizer_terminal,
C037,47,25,0.1,10.0,10.0,8.390864374561982,10.0,0.1153276748699526,0.12105680807539607,7.9,4.0,0.15,0.13101469119476764,1616.7715387327112,True,0.0,11.800428278364386,1.035955680004417,1.051531062979559,1.035955680004417,0.5063291139240506,0.0375,0.018987341772151896,0.1447938390562813,0.05601469119476765,0.13101469119476764,1.0,1.1397330784594815,0.000618516578281579,2.3398434012509676e-05,0.480242048290821,0.49729901872211074,optimizer_terminal,
C037,47,26,5.951535134047704,0.1,10.0,0.1,3.197010767628124,0.0,0.009974713003986243,5.112984633941717,4.0,0.15,0.15365798184741683,651.3500941705149,True,0.0,10.724721400605565,0.9192111090581102,0.9303821473450733,0.9192111090581102,0.7823219286533056,0.0375,0.02933707232449896,0.16318340642521256,0.07865798184741682,0.15365798184741683,1.0,0.9154637298113144,0.0015352726727912518,3.7131919960830666e-05,0.6065346363057187,0.6235916067370084,optimizer_terminal,
C037,47,27,0.1,10.0,10.0,10.0,10.0,0.006732733758451506,0.03286239599945813,7.9,4.0,0.15,0.13083006786424078,1686.431932504425,True,0.0,11.761534296733391,0.9611975205970823,0.9705660362179833,0.9611975205970823,0.5063291139240506,0.0375,0.018987341772151896,0.15605533387853737,0.05583006786424077,0.13083006786424078,1.0,0.9411941321750985,0.0005929678991045647,1.5203227117619445e-05,0.4767011408216789,0.49375811125296865,optimizer_terminal,
C037,47,28,0.1,10.0,10.0,10.0,10.0,0.0,0.0,7.6168136643011035,4.0,0.15,0.13191112533056126,1573.8409571251425,True,0.0,11.559504988495249,0.9025829713369663,0.9025829713369703,0.9025829713369663,0.5251539785917854,0.0375,0.01969327419719195,0.16618970749892384,0.05691112533056129,0.13191112533056126,1.0,0.981107944610637,0.0006353882172609427,1.9616797409670206e-05,0.47893727027544564,0.49599424070673537,optimizer_terminal,
C037,47,29,10.0,0.1,10.0,0.1,0.1,0.026572423777716733,0.12930597885293313,5.9861751653294615,4.0,0.15,0.1462546785042102,901.0512826811297,True,0.0,11.374479650011684,1.0248989685933045,1.2764628383989935,1.0248989685933045,0.6682063069532399,0.0375,0.025057736510746498,0.14635588930865856,0.0712546785042102,0.1462546785042102,1.0,0.23184928581628267,0.0011098147455319554,8.226113947036614e-06,0.6281830191577014,0.6452399895889911,optimizer_terminal,
C037,47,30,9.932198057889579,0.2262640263770693,9.848669923966593,0.1,0.1,0.0024487266997609354,0.0,5.022022131371616,3.982401309836435,0.19645490053718978,0.20293656505177055,440.7712845977769,True,0.0,10.615516449835193,0.940166492596203,0.9472277769151266,0.940166492596203,0.7929876065179269,0.04933076434360116,0.03911868474453217,0.20895756452103875,0.10427503636456821,0.20293656505177055,1.0,0.6747655853563814,0.0022687503359311253,4.368791548074866e-05,0.6260372456352651,0.6430942160665548,optimizer_terminal,
C037,47,31,9.905399639258544,0.1,10.0,0.1,0.19299191133973836,0.0,0.0,4.8,3.9620444566322166,0.1515025018044225,0.159578135501689,587.2405673073863,True,0.0,10.431531930117833,0.9013580867631293,0.9013580867633088,0.9013580867631293,0.8254259284650451,0.03823846588869459,0.031563021209254694,0.1680824791271178,0.08310120372429983,0.159578135501689,1.0,0.06926929417286125,0.0017028796300384986,2.197319262807121e-06,0.6340067574749295,0.6510637279062192,optimizer_terminal,
C037,47,32,1.8939726944326554,10.0,10.0,2.3206577015446967,6.701910098723042,0.11863675770403553,0.0,7.9,4.0,0.15,0.1321503646329735,1516.5525465773596,True,0.0,12.03967681601309,1.0769723205813349,1.1155249755042402,1.0769723205813349,0.5063291139240506,0.0375,0.018987341772151896,0.13927934556296864,0.05715036463297352,0.1321503646329735,1.0,1.081674138187902,0.000659390274512318,3.550137054419541e-05,0.5017402900409476,0.5187972604722373,optimizer_terminal,
C037,47,33,7.291215225028354,8.31952040483214,9.90240056490568,4.174236559981033,2.9279782751597425,0.036105816104916755,0.0,6.93599932444206,3.9853005043499965,0.15,0.1365048936110813,1258.393396198097,True,0.0,11.283161008465163,0.9968364678864149,1.0790866526260945,0.9968364678864149,0.5745820202585702,0.03763831606582074,0.021626299684229883,0.15047603577148808,0.06122826147943984,0.1365048936110813,1.0,1.1764510131770096,0.0007946640557883057,3.811892581939467e-05,0.506793042870983,0.5238500133022728,optimizer_terminal,
C037,47,34,0.1,10.0,10.0,9.071121456444828,10.0,0.07116141439167746,0.0661957001854009,7.516486850427084,4.0,0.15,0.13241885838041334,1478.1622144716587,True,0.0,11.509015839544315,0.9200596166142113,0.9195189283536808,0.9195189283536808,0.532163506648418,0.0375,0.019956131499315674,0.16312877894592342,0.057418858380413336,0.13241885838041334,1.0,1.0679349233315434,0.0006765157370481366,2.1768981481218055e-05,0.4820394424998889,0.4990964129311786,optimizer_terminal,
C037,47,35,10.0,10.0,9.555704719824467,10.0,0.1,0.0,0.018739967943835444,7.9,4.0,0.15,0.13078708414194948,1722.6224492361168,True,0.0,11.752479059237356,0.9039604088166298,0.9074613919626909,0.9039604088166298,0.5063291139240506,0.0375,0.018987341772151896,0.1659364708199602,0.055787084141949474,0.13078708414194948,1.0,1.4623422859374937,0.0005805102565820166,3.1846108417061054e-05,0.4694083514149339,0.48646532184622365,optimizer_terminal,
C037,83,0,9.41228143188513,0.1,9.615187067968368,0.1,0.1,0.10336650309185497,0.055908791856904554,5.056983251079176,3.9802176920519097,0.25,0.25787889957949456,286.80522301341773,True,0.0,10.648270330928398,1.0090163250508506,0.9081456649868659,0.9081456649868659,0.7870735366193904,0.0628106348301563,0.049436588493080184,0.2752862339585309,0.13225762991918194,0.25787889957949456,1.0,1.5533574385852769,0.0034866868514218676,0.00013074792951732697,0.6598490813585096,0.6769060517897993,optimizer_terminal,
C037,83,1,0.1,10.0,10.0,10.0,9.377024230218801,0.0,0.0,7.9,4.0,0.15,0.1307692767598823,1697.8144636714335,True,0.0,11.748727637415211,0.9010079034003046,0.9010079034003046,0.9010079034003046,0.5063291139240506,0.0375,0.018987341772151896,0.1664802266816046,0.05576927675988233,0.1307692767598823,1.0,0.955330503638332,0.0005889925085439272,1.561654338571551e-05,0.4784664253375534,0.49552339576884313,optimizer_terminal,
C037,83,2,8.305224797395455,0.18333986181274575,9.919557970759778,0.1,3.779750330279663,0.0520164731078449,0.0,5.581968012605373,3.9995305772353897,0.22683854086867286,0.22589432473933038,428.9429472092161,True,0.0,11.068386792768711,0.9914321001651858,0.9251591842940093,0.9251591842940093,0.7165090463083139,0.05671629119672122,0.040637735715507335,0.24518866019989172,0.1124617423458879,0.22589432473933038,1.0,1.4478517771335806,0.0023313123726737767,4.615463177208295e-05,0.6339161812482003,0.65097315167949,optimizer_terminal,
C037,83,3,1.2836455735565089,0.1,8.750337915352427,0.1,6.143173100509572,0.147056270730486,0.13006817671010018,5.365819431562235,3.9984879577680585,0.19330860170050304,0.19495265986590873,452.1491831832425,True,0.0,10.905998195314698,0.9610537656405703,0.9074236410437252,0.9074236410437252,0.7451775090023699,0.04834542550639747,0.03602592375051691,0.21303015808377893,0.09826180885311378,0.19495265986590873,1.0,1.348672383022866,0.0022116594194857364,7.833900850093453e-05,0.6094305057483953,0.626487476179685,optimizer_terminal,
C037,83,4,10.0,0.7144236605847691,10.0,0.1,0.1,0.4614515298723555,0.4811349595698839,5.928287175911205,3.9036142702838945,0.1878098333558182,0.18635215875841474,542.825055909141,True,0.0,11.105558809257893,0.9899947868509187,1.3027787526242074,0.9899947868509187,0.6584725325294133,0.04811178060945031,0.03168028602240426,0.1897079013448382,0.09012859753951416,0.18635215875841474,1.0,2.3783110776932173,0.0018422141518968159,0.00011501741836669952,0.6163700514332,0.6334270218644897,optimizer_terminal,
C037,83,5,9.801578396612628,0.1907576073908749,10.0,0.1,0.31676945802019907,0.0027856748379239647,0.0,4.848571260773176,4.0,0.1555783664980747,0.1622197561772921,575.0661659990179,True,0.0,10.525053287164205,0.906023495838104,0.9094352100450533,0.906023495838104,0.8249852966711149,0.03889459162451867,0.0320874662102554,0.17171559811940545,0.08443057292825472,0.1622197561772921,1.0,0.04884147024944515,0.001738930333803898,1.7843786527992134e-06,0.6237295988399519,0.6407865692712417,optimizer_terminal,
C037,83,6,0.1,1.0365219212449384,9.992367927926415,1.1993476787308903,9.463840987382033,0.19743586578704597,0.07368336093348227,6.075843350238541,3.9988254335820854,0.25,0.2406163855116605,404.8132220121194,True,0.0,11.232604135841546,1.4006053163817112,0.9104754589938082,0.9104754589938082,0.658151503103695,0.06251835799094983,0.04114655128331853,0.27458181055893804,0.11557966952976084,0.2406163855116605,1.0,0.6508859695088156,0.002470275044450158,4.7528344275894505e-05,0.6472479691945452,0.6643049396258349,optimizer_terminal,
C037,83,7,0.6527047773870571,0.1,10.0,0.20099364928286767,8.255163964959435,0.05790568044095112,0.16926505606797726,6.297197534863721,3.996169654406527,0.15,0.14416851518974091,923.8910566128948,True,0.0,11.5919586996248,0.9806368759828945,1.321678781942387,0.9806368759828945,0.634594934061094,0.037535943909337496,0.02382011985006695,0.1529618186646863,0.06909662737106591,0.14416851518974091,1.0,1.2561402958146366,0.0010823786991359463,4.591466817784268e-05,0.5815238868327817,0.5985808572640714,optimizer_terminal,
C037,83,8,0.1,0.1,9.876618727896046,0.7325870414540283,10.0,0.15225118495036247,0.07928273297074358,5.620758942504675,4.0,0.25,0.2477513850826196,340.60774545379627,True,0.0,11.039295126527504,1.215997162660358,0.929951023989322,0.929951023989322,0.7116476690988556,0.0625,0.04447797931867847,0.2688313615996089,0.1227513850826196,0.2477513850826196,1.0,0.6390053144501595,0.0029359285375841543,4.728741942109005e-05,0.6626164457271939,0.6796734161584836,optimizer_terminal,
C037,83,9,2.297773327802414,3.44895534747711,10.0,0.1,7.862779081809528,0.1798704984115761,0.06587238419780082,5.772043358371056,3.992400000445936,0.1974559582997159,0.1923748686852531,542.5787939318429,True,0.0,10.907225266375532,1.1048015006373062,0.9898459935249648,0.9898459935249648,0.6916787959771393,0.049457959692831586,0.03420902201182364,0.19948149468843193,0.09345894929958991,0.1923748686852531,1.0,1.658026190586713,0.0018430502835420745,6.158710229135572e-05,0.5896657984399072,0.6067227688711969,optimizer_terminal,
C037,83,10,0.1,10.0,10.0,0.9427137745848739,10.0,0.1828045509238712,0.0,6.899418315404817,3.984573781542057,0.15,0.13734396697720555,1088.4678610405717,True,0.0,11.372870976124418,1.098214812613292,0.9990758286102499,0.9990758286102499,0.5775231475159897,0.0376451806953237,0.021740963243971515,0.15013875394088488,0.06205360558655817,0.13734396697720555,1.0,1.2117289266390143,0.0009187225785830767,5.883644563637719e-05,0.5296705621295521,0.5467275325608418,optimizer_terminal,
C037,83,11,0.1,10.0,10.0,0.1,10.0,0.013179312818693709,0.0,7.347149440717565,4.0,0.15,0.13558954889574948,1206.8951603238054,True,0.0,11.870945874206274,0.9386532764610447,1.4621188700960093,0.9386532764610447,0.5444288335598816,0.0375,0.020416081258495557,0.15980341598075185,0.06058954889574947,0.13558954889574948,1.0,0.8308459150599948,0.0008285723838114521,4.3762749453237424e-05,0.5213554499859654,0.5384124204172551,optimizer_terminal,
C037,83,12,7.338201778398053,0.13506663050790568,9.923189529065189,0.10324409267087191,0.27847004532164177,0.0019507183856701607,0.07902045518797089,6.331508732677841,4.0,0.15,0.14393771206685824,1036.974892443948,True,0.0,11.639459358990498,0.9919879430495674,1.1291478557654973,0.9919879430495674,0.6317609544397239,0.0375,0.023691035791489647,0.15121151527191984,0.06893771206685827,0.14393771206685824,1.0,0.7344403244694281,0.0009643435027083391,1.1991385904269114e-05,0.5901966435215285,0.6072536139528182,optimizer_terminal,
C037,83,15,0.1,10.0,10.0,0.1,10.0,0.09294291595376315,0.0,7.787501588219843,4.0,0.15,0.1336555505025649,1402.9068581559227,True,0.0,12.180805138576892,1.07880144820117,1.5594596513596544,1.07880144820117,0.5136435549561623,0.0375,0.019261633310856084,0.1390431948808699,0.0586555505025649,0.1336555505025649,1.0,0.8483021441556029,0.0007128056963913262,3.884028918985644e-05,0.514323063171944,0.5313800336032337,optimizer_terminal,
C037,83,16,5.917861640647247,1.2359996434492366,10.0,0.1,3.9458290884761293,0.1029217580235875,0.059424212775496255,5.831732937115374,4.0,0.15,0.14664502732658413,847.6425889245627,True,0.0,11.141724417092579,1.1055274127152235,1.1155835571986479,1.1055274127152235,0.6859024655505868,0.0375,0.025721342458147,0.13568184585454418,0.07164502732658412,0.14664502732658413,1.0,1.1424254156278668,0.0011797425153787272,2.162183727390954e-05,0.5925941024543859,0.6096510728856757,optimizer_terminal,
C037,83,17,10.0,0.1,9.70007730207107,2.2887358175405152,0.1,0.1121987899458796,0.1335316749046265,5.384572238732257,3.979503262242991,0.25,0.2504933515677058,326.0573144842235,True,0.0,10.701064309557692,1.0205052920381688,0.9249918804173515,0.9249918804173515,0.7390565277623473,0.06282191105909309,0.046428943454728346,0.2702726427038487,0.12484952944951962,0.2504933515677058,1.0,1.9254622611513785,0.0030669454589045434,0.00017329255292723427,0.6357864004490619,0.6528433708803516,optimizer_terminal,
C037,83,18,10.0,0.1,9.508635900033175,0.1,0.1,0.06138539231592024,0.0,5.124846648119155,3.993871320115695,0.25,0.2561592297141206,303.09625845803936,True,0.0,10.722552665998554,0.9889372875454784,0.9007972049411022,0.9007972049411022,0.7793152838205347,0.06259590756989085,0.048781947473833444,0.2775319446249237,0.1309674145743389,0.2561592297141206,1.0,1.506025537325786,0.0032992819016881398,0.0001090509365574916,0.6606011909988455,0.6776581614301352,optimizer_terminal,
C037,83,19,0.1,10.0,10.0,0.1,10.0,0.07865863018808124,0.0,7.397439153496444,4.0,0.15,0.13527284451843205,1233.7228346746285,True,0.0,11.88972533155341,1.0004923872835019,1.4284467250339619,1.0004923872835019,0.5407276649392074,0.0375,0.02027728743522028,0.14992617825636254,0.06027284451843207,0.13527284451843205,1.0,0.8748022555075831,0.0008105548279518807,4.667893850199205e-05,0.5210492164212549,0.5381061868525446,optimizer_terminal,
C037,83,20,0.1,10.0,10.0,4.387325937215408,10.0,0.058602453190830586,0.0,7.9,3.9928304812684057,0.15,0.1319154653329316,1599.2488017397204,True,0.0,11.940380789087175,1.18282378896242,1.274223620981157,1.18282378896242,0.5054215799073931,0.03756733492786535,0.018987341772151896,0.12681517010372345,0.0567807954772009,0.1319154653329316,1.0,0.9967964349080819,0.0006252935746534023,2.2655204440928646e-05,0.4906796100840979,0.5077365805153876,optimizer_terminal,
C037,83,21,0.13985066034111698,10.0,9.651067902615289,0.4857712915510095,10.0,0.1976297397104518,0.14303555725148162,7.644772343540688,3.982438667390625,0.15,0.13441597302704048,1323.9582723048982,True,0.0,11.992271225560716,1.0775849830624353,1.3636082397446638,1.0775849830624353,0.5209362016850004,0.037665363494042974,0.019621251393671622,0.13920015809213349,0.05908524603895453,0.13441597302704048,1.0,1.2464778887638766,0.0007553108137306212,4.3122190378130684e-05,0.5126636721120786,0.5297206425433684,optimizer_terminal,
C037,83,22,0.1,10.0,10.0,7.674188202211548,10.0,0.17504662149227956,0.0,7.9,3.9958631257822264,0.15,0.131160492912167,1640.2374493967895,True,0.0,11.802567198523187,1.0405409489739237,0.9001517753276375,0.9001517753276375,0.5058054589597755,0.03753882334761808,0.018987341772151896,0.16663856486357864,0.05608284621693082,0.131160492912167,1.0,1.2789025029868655,0.0006096678260624753,1.4572702138371196e-05,0.4810887822295875,0.49814575266087724,optimizer_terminal,
C037,83,23,10.0,0.1,10.0,0.1,0.359296393334268,0.002960490229882033,0.0,4.908998744061179,3.956062606164469,0.15276979547852026,0.15983121142905043,614.0762250774771,True,0.0,10.499965777671644,0.9140343834638418,0.9108612841604301,0.9108612841604301,0.8058797348340014,0.038616627360868676,0.03112035741776029,0.16772015468780524,0.08259795670731307,0.15983121142905043,1.0,0.1414448689489346,0.001628462329532187,4.734560675424365e-06,0.6359561321890724,0.6530131026203622,optimizer_terminal,
C037,83,24,0.1,10.0,10.0,1.751657878062737,10.0,0.0,0.007757253357111971,7.442945802503294,4.0,0.15,0.13443913034700034,1305.1289858171783,True,0.0,11.797392685884063,0.9940550273705293,1.3515821375963035,0.9940550273705293,0.5374216212423145,0.0375,0.020153310796586794,0.15089707900454913,0.059439130347000345,0.13443913034700034,1.0,0.8812131173097946,0.0007662077931507065,3.6589152455823124e-05,0.5135950395003641,0.5306520099316538,optimizer_terminal,
C037,83,25,6.492803316421845,5.858753372842571,9.625409369280973,0.1002168803539975,3.978375967450039,0.009513865264279997,0.0,6.5098690359908975,4.0,0.15,0.14045714060380743,1042.3253111891,True,0.0,11.363131008032761,0.9239172613259881,1.3270092740033363,0.9239172613259881,0.6144516852620739,0.0375,0.023041938197327774,0.1623522000062245,0.06545714060380743,0.14045714060380743,1.0,1.5163740848445937,0.000959393376775227,3.55330368270804e-05,0.5465840559446297,0.5636410263759194,optimizer_terminal,
C037,83,26,0.1,10.0,9.786216956854322,8.650709656984137,10.0,0.009786900232277032,0.0,7.584624885962821,4.0,0.15,0.13217097981010853,1541.280755447818,True,0.0,11.56321163260339,0.9269368194112412,0.9266421691538028,0.9266421691538028,0.5273827064807075,0.0375,0.01977685149302653,0.16187478294558727,0.05717097981010852,0.13217097981010853,1.0,1.1088434489427006,0.0006488110595460272,2.041481824516042e-05,0.48036904016449444,0.4974260105957842,optimizer_terminal,
C037,83,28,0.678364677382231,2.4041037794657916,10.0,0.1,5.903248849437713,0.08986447387898078,0.04695476299888478,6.719543825345362,4.0,0.15,0.14020759373677658,1087.5154629701358,True,0.0,11.684407569588954,0.9194899985828614,1.0630378728123193,0.9194899985828614,0.5952785046080734,0.0375,0.022322943922802752,0.1631339114413244,0.06520759373677655,0.14020759373677658,1.0,1.170218389066758,0.0009195271552910885,2.9458305145918348e-05,0.5475192364212577,0.5645762068525474,optimizer_terminal,
C037,83,31,0.1,10.0,10.0,0.1,10.0,0.08159038634572427,0.0,7.9,3.9997029900105634,0.15,0.1332614868428936,1453.8686611422895,True,0.0,12.271668681948812,1.082225646588139,1.6237548412432607,1.082225646588139,0.5062915177228561,0.03750278467542007,0.018987341772151896,0.13860325753034503,0.05825591749205346,0.1332614868428936,1.0,0.8262039058118346,0.0006878200395449135,3.629808778549903e-05,0.5096172837556932,0.5266742541869829,optimizer_terminal,
C037,83,33,10.0,0.8171141610985275,9.996321776366187,0.1,0.1,0.02559271552449649,0.10548957668052687,5.424091633080906,3.992304198577399,0.15138340476284137,0.1518555321175964,725.2871629328725,True,0.0,10.87397594369335,0.9197796253391017,1.148513576039784,0.9197796253391017,0.7360318498730366,0.03791880508924764,0.027909448254814048,0.16458660378243295,0.07601792193910112,0.1518555321175964,1.0,0.7348229359300841,0.0013787642345085224,1.0646073034423049e-05,0.6107039676512718,0.6277609380825615,optimizer_terminal,
C037,83,34,0.1,10.0,10.0,10.0,10.0,0.03944245023869458,0.0,7.9,4.0,0.15,0.13083002066078864,1692.3058940036444,True,0.0,11.761524352539475,0.9701374909099684,0.9548665726377437,0.9548665726377437,0.5063291139240506,0.0375,0.018987341772151896,0.1570900105819359,0.05583002066078865,0.13083002066078864,1.0,0.9511928675137401,0.0005909097188299732,1.4294417952815622e-05,0.4755137126636032,0.49257068309489294,optimizer_terminal,
C037,83,35,0.1,10.0,10.0,9.115857653984794,10.0,0.0,0.0,7.458739126752286,4.0,0.15,0.13265391603076576,1494.904178459122,True,0.0,11.467347181577694,0.9025734310549096,0.9039883560637316,0.9025734310549096,0.5362836710099146,0.0375,0.020110637662871796,0.16619146413902636,0.05765391603076577,0.13265391603076576,1.0,1.0711718566298303,0.0006689391965114136,2.2457734241705324e-05,0.4850355740763387,0.5020925445076284,optimizer_terminal,
C038,3,0,0.7003218538405649,9.515318926615702,6.132536167919222,9.501559899911738,8.13673491904214,1.0,1.0,7.891120155557952,2.2,0.15004978105607295,0.21642404668151438,0.36500537262263244,True,0.0,9.257595927038631,0.9343841928930344,0.9343841928927692,0.9343841928927692,0.27879438617475294,0.06820444593457861,0.019015016638719965,0.16058681450028853,0.08001515481235716,0.21642404668151438,1.0,2.1152128814501547,0.00047321920149392423,5.05176305487554e-05,0.36500537262263244,0.38206234305392217,optimizer_terminal,
C038,3,1,0.1,10.0,9.99784263608754,10.0,10.0,0.0,0.0,7.9,4.0,0.15,0.13082989477898938,0.47666637890597796,True,0.0,11.761497833440428,0.9705904976841482,0.9705904976841148,0.9705904976841148,0.5063291139240506,0.0375,0.018987341772151896,0.1545450943089889,0.05582989477898937,0.13082989477898938,1.0,0.9565808485025223,0.0005873711587103066,1.4724040145178606e-05,0.47666637890597796,0.4937233493372677,optimizer_terminal,
C038,3,2,0.1,10.0,7.949191159841576,10.0,9.3614130828806,1.0,1.0,7.847070019905953,2.646300019632482,0.15132720827139273,0.18558387719470246,0.40178466919757116,True,0.0,9.772393374226802,1.0576604140941521,1.0576604140940726,1.0576604140940726,0.33723415401156287,0.05718444890931492,0.019284549250550256,0.1430773112568559,0.07121497937607262,0.18558387719470246,1.0,1.744591673617054,0.00046330045504884755,5.514873964771666e-05,0.40178466919757116,0.4188416396288609,optimizer_terminal,
C038,3,3,0.4175775605863935,10.0,6.590783649892867,9.391807388610903,9.610070588895656,1.0,1.0,7.8805416179118914,2.286719846130194,0.15,0.2091624689864434,0.37342906507913576,True,0.0,9.36712535465251,0.9206472253213827,0.9206472253212392,0.9206472253212392,0.29017292934950667,0.06559614211327389,0.01903422471103522,0.16292885686768985,0.07797018475989563,0.2091624689864434,1.0,1.9228959418854805,0.00046514907171790916,4.6181988571042406e-05,0.37342906507913576,0.3904860355104255,optimizer_terminal,
C038,3,4,3.516246595061455,9.973473094623657,8.405934564017759,8.165241941780302,9.34811002536207,1.0,1.0,7.860518175815699,3.0154505236288998,0.1511291984597786,0.16638115021517008,0.42400523548285945,True,0.0,10.37407333537916,0.9327259806569657,0.9345055648713142,0.9327259806569657,0.3836198143916869,0.05011828158861793,0.01922636588065591,0.1620295795270233,0.06614458703793424,0.16638115021517008,1.0,1.4081496009031749,0.00047628547098790125,4.5902015015875074e-05,0.42400523548285945,0.4410622059141492,optimizer_terminal,
C038,3,5,0.1,10.0,8.112405367890975,8.734711543824119,10.0,1.0,1.0,7.834136131745691,2.765578063170856,0.15500106661022112,0.18326952964129536,0.4105005334731122,True,0.0,9.948984079356633,1.0740136788209926,1.0743658202536406,1.0740136788209926,0.3530163398570659,0.056046534601343206,0.019785342506638576,0.14431945297044524,0.07117646043860895,0.18326952964129536,1.0,1.5076756370664723,0.00047979063814100695,5.011748182158633e-05,0.4105005334731122,0.42755750390440195,optimizer_terminal,
C038,3,6,0.5911416343557646,9.764848506158339,7.586384738259761,9.96564949766726,8.878828468712253,1.0,1.0,7.879966260881989,2.4058334505597436,0.15154875259713144,0.20196296144544557,0.378147318791551,True,0.0,9.504484495574896,1.1061415140749984,1.1061415140748938,1.1061415140748938,0.30531012074288544,0.06299220445283607,0.019232157547355903,0.13700665843273874,0.07597855253977344,0.20196296144544557,1.0,1.8842065226501714,0.0004662116308239227,4.838219654327918e-05,0.378147318791551,0.39520428922284073,optimizer_terminal,
C038,3,7,0.1,10.0,7.378646541481203,10.0,10.0,1.0,1.0,7.860571794780763,2.4109510329419,0.15,0.19961027988830998,0.3791672178898423,True,0.0,9.498222910305799,1.002410997747645,1.00241099774738,1.00241099774738,0.3067144599509562,0.062216112210693224,0.01908258125695086,0.14963922017723297,0.07517805546692352,0.19961027988830998,1.0,1.869065211750342,0.0004605624314870738,4.8558433259690885e-05,0.3791672178898423,0.39622418832113204,optimizer_terminal,
C038,3,8,0.813426307489812,10.0,8.694623473661757,10.0,10.0,0.2917236906858166,0.26562409204335247,7.856168002979967,3.0795590618311506,0.15130532468506278,0.16320913635530204,0.42969275784101174,True,0.0,10.38460205010925,0.9658225607822881,0.9146334572673208,0.9146334572673208,0.3919925160285556,0.04913213925992847,0.01925943088636474,0.16542727961988452,0.06494485783544507,0.16320913635530204,1.0,1.4177341590196118,0.000471022985867923,1.0494418690714997e-05,0.42969275784101174,0.44674972827230147,optimizer_terminal,
C038,3,9,0.1,10.0,8.151984944404916,10.0,8.729844524094679,1.0,1.0,7.851886172231919,2.8120177698232287,0.15090583288179477,0.175538566011265,0.41245808045923366,True,0.0,9.979986023250342,1.071689236904267,1.0716892369040636,1.0716892369040636,0.35813277321414677,0.053664608560166076,0.019219055087103917,0.14081118638247897,0.06820934889093283,0.175538566011265,1.0,1.7276627691332358,0.0004617992570326027,5.9163133240823474e-05,0.41245808045923366,0.4295150508905234,optimizer_terminal,
C038,3,10,0.5903184894276371,10.0,5.913349505760549,8.397645576604063,5.507167233625255,0.9975773168937837,1.0,7.888178885211786,2.226558385690358,0.15,0.21372351924854127,0.36830835301991793,True,0.0,9.248516053693233,1.0668208726687407,1.0712664720383431,1.0668208726687407,0.28226519936871064,0.06736854553827097,0.019015795937540117,0.14060467304577814,0.07898642817199936,0.21372351924854127,1.0,1.9210404831966759,0.00045602726719311693,5.5300570945509636e-05,0.36830835301991793,0.38536532345120766,optimizer_terminal,
C038,3,11,6.53250835321868,4.709054011958313,5.0977260511624305,4.779874178691413,0.1,0.027811215532243277,0.09297580917880716,7.9,3.4450640405030692,0.15,0.1478365693107609,0.45253896242746156,True,0.0,11.023472970335678,0.9923418720680494,1.039995989656971,0.9923418720680494,0.4360840557598822,0.04354055490303631,0.018987341772151896,0.151157584117053,0.060755459504688275,0.1478365693107609,1.0,0.8124277410116919,0.0005070552728426547,1.4157051272940778e-05,0.45253896242746156,0.4695959328587513,optimizer_terminal,
C038,3,12,0.10234763899174443,8.85310328247419,9.309608299517949,10.0,10.0,0.025605929863674912,0.0,7.861477309947401,3.7554125873324518,0.15,0.13769064215507593,0.4647557630361188,True,0.0,11.377400958930759,0.9746539658875681,0.9627183779911541,0.9627183779911541,0.4776980762356965,0.03994234894615085,0.01908038325191116,0.15580880497263994,0.057805944262774224,0.13769064215507593,1.0,0.8480028074963535,0.0005581243573759334,8.585306225241355e-06,0.4647557630361188,0.48181273346740855,optimizer_terminal,
C038,3,13,5.14373275961286,9.810505412512333,8.699022238479278,7.815906077641145,8.342292096074651,0.8861757621273072,0.8866598078190011,7.864902253916537,2.8173372528854568,0.15143291782374188,0.176765475524558,0.41072420976315316,True,0.0,10.135007299409006,1.0401567797474431,1.0489998538924443,1.0401567797474431,0.3582164357455922,0.05375036931366577,0.019254265715550608,0.14558662768175273,0.06926473689722648,0.176765475524558,1.0,1.4922390702052595,0.0004556694491169423,3.162953239918568e-05,0.41072420976315316,0.4277811801944429,optimizer_terminal,
C038,3,14,0.9522395351112556,9.246160320172823,8.366871768256614,7.625276390623803,10.0,0.0,0.0,7.9,3.645555464553806,0.15034000838644687,0.14141934647700538,0.46344130762779434,True,0.0,11.29100130644851,0.9128876984568647,0.9157390038414229,0.9128876984568647,0.4614627170321273,0.041239259654179364,0.019030380808410994,0.1646862025203976,0.058940827168646646,0.14141934647700538,1.0,1.1350461190795738,0.0005395013287876084,9.528355000175235e-06,0.46344130762779434,0.48049827805908407,optimizer_terminal,
C038,3,15,0.1,10.0,8.77327561984022,9.402816267190243,9.470666498441428,0.0,0.0,7.9,3.213204929803626,0.15,0.15595064080828577,0.4414349264636108,True,0.0,10.591338706830836,1.0524676100699253,1.052467610069915,1.052467610069915,0.4067348012409653,0.046682363334095596,0.018987341772151896,0.1425222007450049,0.0625859141400946,0.15595064080828577,1.0,0.563219239427388,0.0004735723315243797,5.7961615744000344e-06,0.4414349264636108,0.45849189689490055,optimizer_terminal,
C038,3,16,0.1,10.0,10.0,10.0,10.0,0.0,0.0,7.9,3.8881035668882244,0.15100718475257058,0.13466633102415318,0.46684085061112973,True,0.0,11.592163349950757,0.9988072122430148,0.9988072122430077,0.9988072122430077,0.49216500846686384,0.038838261932777306,0.019114833512983615,0.15118751937469074,0.05698980715859857,0.13466633102415318,1.0,0.9496324715223745,0.0005779171598463727,1.2339367031353718e-05,0.46684085061112973,0.48389782104241946,optimizer_terminal,
C038,3,17,0.1,10.0,10.0,10.0,10.0,0.31922082031514376,0.2801656946275764,7.9,3.16353523056606,0.1505068410273453,0.1586405806022588,0.4381592024571206,True,0.0,10.542550227122158,1.198212419506262,1.0767107659742357,1.0767107659742357,0.4004474975400076,0.04757552233752576,0.019051498864220924,0.13978391020467118,0.06348953592720727,0.1586405806022588,1.0,1.5365363668018417,0.00047705835991562333,1.3419404566970248e-05,0.4381592024571206,0.4552161728884103,optimizer_terminal,
C038,3,18,2.085010443117041,9.129195706096846,8.588101819497792,10.0,8.227058250269373,1.0,1.0,7.797714321017967,3.2861680720709017,0.15080730919687263,0.15435342599968516,0.443986487005345,True,0.0,10.631713767399908,0.9467624286064528,0.9467624286063094,0.9467624286063094,0.4214270921946141,0.04589153868257133,0.01933993770333269,0.1592873826001629,0.0625703486345425,0.15435342599968516,1.0,1.9185662844379465,0.0005004127524137402,6.272918486616609e-05,0.443986487005345,0.4610434574366347,optimizer_terminal,
C038,3,19,0.1,10.0,10.0,10.0,10.0,0.0,0.0,7.8990398069111,3.1720175372460986,0.15,0.1577588849037894,0.43847288020457037,True,0.0,10.553851770155008,1.2237521854890974,1.223752185489101,1.2237521854890974,0.401570015442992,0.04728851534983249,0.018989649839308398,0.1225738362543144,0.06318185420412438,0.1577588849037894,1.0,0.48537248072615363,0.00046868499464390557,2.596438518325443e-06,0.43847288020457037,0.4555298506358601,optimizer_terminal,
C038,3,20,0.1,10.0,10.0,9.840620493428776,9.99654811543519,0.0,0.0,7.9,3.9093896002247783,0.15,0.13321130372754553,0.46838916186245083,True,0.0,11.627477299042136,1.001290920453126,1.0012909204531013,1.0012909204531013,0.4948594430664276,0.03836916126020682,0.018987341772151896,0.14980661158110015,0.056472981207131866,0.13321130372754553,1.0,0.9602364453756584,0.0005760938102983271,1.2540634861570316e-05,0.46838916186245083,0.48544613229374056,optimizer_terminal,
C038,3,21,0.1,10.0,9.55662265627391,10.0,9.173349783675784,1.0,1.0,7.880627983375599,3.928927298021254,0.15,0.13261889665505497,0.4708868845466469,True,0.0,11.613418944954066,0.9038728596232798,0.9038728596232798,0.9038728596232798,0.49855510326200325,0.03817835979697188,0.019034016110953227,0.16595254343903817,0.05626217706111123,0.13261889665505497,1.0,2.287845569624166,0.0005322049649061274,5.638685050675225e-05,0.4708868845466469,0.48794385497793663,optimizer_terminal,
C038,3,22,0.6745161691227166,9.69166054039619,5.732931136200158,8.46998195915272,5.3856589649767646,0.9848916068163993,0.9993119257644898,7.9,2.2318343101790714,0.15176354326555358,0.215731682459568,0.36762688231999857,True,0.0,9.263141955780283,0.9880855236075966,1.0302091850462394,0.9880855236075966,0.282510672174566,0.06799946688398066,0.019210575096905515,0.15359352974978327,0.07973274869160671,0.215731682459568,1.0,1.9930855874803743,0.0004667719003543164,5.7860966351921435e-05,0.36762688231999857,0.3846838527512883,optimizer_terminal,
C038,3,23,0.1,9.615903680550689,8.741584960662236,10.0,9.096718339884067,0.0,0.0,7.9,3.594434757315528,0.15007349701654282,0.14227796884206906,0.4581944496234683,True,0.0,11.121010064578837,0.9441422290776355,0.9441422290776225,0.9441422290776225,0.45499174143234533,0.04175162637494188,0.018996645191967445,0.15895221333670964,0.0587747160921853,0.14227796884206906,1.0,1.0284427340984441,0.0005302029049456019,1.1162772157948678e-05,0.4581944496234683,0.475251420054758,optimizer_terminal,
C038,3,24,1.7562865711530593,8.947777857192344,9.854382878627014,9.916378036190624,10.0,0.03258927863771943,0.0,7.891300788274337,4.0,0.15,0.1311409792210771,0.47368228323266476,True,0.0,11.814009428847436,0.9219648453770979,0.9053741581836138,0.9053741581836138,0.5068872809845988,0.0375,0.019008273036922457,0.16567735962437238,0.056140979221077095,0.1311409792210771,1.0,0.8474384650753553,0.0005834492529193155,1.3003163754266492e-05,0.47368228323266476,0.4907392536639545,optimizer_terminal,
C038,3,25,0.1,9.604993952115711,8.69185257126093,10.0,8.701602698307816,0.0,0.0,7.9,3.366038653206335,0.15,0.1499607504127366,0.4461400995779622,True,0.0,10.78474727059656,1.0214742407230935,1.02147424072308,1.02147424072308,0.42608084217801706,0.04456276812422128,0.018987341772151896,0.1468465811666657,0.060835214164294035,0.1499607504127366,1.0,0.7552420648090022,0.0004975630803453811,8.783033858217176e-06,0.4461400995779622,0.4631970700092519,optimizer_terminal,
C038,3,26,9.68550277069851,8.12163968663398,10.0,7.413914268846138,5.674551666101808,0.0,0.0,7.9,4.0,0.15,0.1319101177816572,0.47157040717848797,True,0.0,11.989064812669117,0.9121108628048157,0.9221914511942302,0.9121108628048157,0.5063291139240506,0.0375,0.018987341772151896,0.16445369320428627,0.0569101177816572,0.1319101177816572,1.0,1.316784551206205,0.0005747188795212103,2.1715239354357692e-05,0.47157040717848797,0.4886273776097777,optimizer_terminal,
C038,3,27,1.4619391229806094,9.453794577273376,8.777887128520824,10.0,8.938306478006115,0.1368738510027901,0.0,7.9,3.1288537789353428,0.15053036956206564,0.1601106950345384,0.4302161502054272,True,0.0,10.49108891346863,1.010616991481679,0.9185199868540627,0.9185199868540627,0.3960574403715624,0.04811038808380707,0.019054477159755143,0.16388360810485267,0.06388991886692426,0.1601106950345384,1.0,0.6257953429940638,0.00046395018830025297,7.98857995448062e-06,0.4302161502054272,0.4472731206367169,optimizer_terminal,
C038,3,28,8.347643990196135,8.168066972548779,10.0,8.383652643467963,6.073632639981021,0.0,0.0,7.9,4.0,0.15,0.131669303905535,0.47182466342803897,True,0.0,11.938333356099372,0.9216399706800716,0.9192609267785287,0.9192609267785287,0.5063291139240506,0.0375,0.018987341772151896,0.1631745629890549,0.05666930390553499,0.131669303905535,1.0,1.3051701780238194,0.0005735343581955313,2.0814372238095224e-05,0.47182466342803897,0.4888816338593287,optimizer_terminal,
C038,3,29,3.000570393179826,9.288011866192955,8.72971531721553,10.0,8.492018954678338,1.0,1.0,7.879558205674436,3.171840948618522,0.15141859207386935,0.15943787982209776,0.4331338705948564,True,0.0,10.557228901583786,0.958529484321743,0.9585294843216681,0.9585294843216681,0.4025404554197381,0.047738393736236645,0.01921663475559147,0.15796967599909065,0.06396109234962447,0.15943787982209776,1.0,1.813637348244303,0.0004891434251720558,5.9632735531625686e-05,0.4331338705948564,0.45019084102614615,optimizer_terminal,
C038,3,30,1.5873087645483848,9.239114268790155,7.439854968082314,9.908895363718441,9.384911042256828,1.0,1.0,7.888074465042614,2.564441863161542,0.15366177134937845,0.19379709739076906,0.3909822399929444,True,0.0,9.735897259117841,0.9590827809227385,0.9590827809226506,0.9590827809226506,0.32510365799997404,0.059920161792998625,0.019480263786854135,0.16021742273545328,0.07395677380477181,0.19379709739076906,1.0,1.8430260896285449,0.0004842175842370379,5.2987807356767974e-05,0.3909822399929444,0.40803921042423413,optimizer_terminal,
C038,3,31,2.073356235639533,9.204664281903128,8.570174089806727,10.0,9.163946783638035,1.0,1.0,7.879078722120414,2.941095397897255,0.15492299113436295,0.17378021218830414,0.4190318119634006,True,0.0,10.235596343753084,1.0221031920201926,1.0221031920200385,1.0221031920200385,0.37327909792805686,0.05267526896445644,0.01966257688217007,0.15157274954613942,0.06842967425939125,0.17378021218830414,1.0,1.7601641875650238,0.0004941581592593453,5.7384456298357854e-05,0.4190318119634006,0.43608878239469034,optimizer_terminal,
C038,3,32,0.1,9.223366824250594,9.4053802576571,10.0,9.920866587484042,0.0,0.0,7.9,4.0,0.15,0.13084560540915824,0.474442405868942,True,0.0,11.764807539529336,0.9250660903202412,0.9247347375259226,0.9247347375259226,0.5063291139240506,0.0375,0.018987341772151896,0.1622086787842715,0.05584560540915824,0.13084560540915824,1.0,0.8957143624911322,0.0005832192492320035,1.3909599631314601e-05,0.474442405868942,0.4914993763002317,optimizer_terminal,
C038,3,33,1.7839386519882066,10.0,9.45815264771781,8.978819726087385,10.0,0.05563331970606673,0.054317136316884,7.881744297958833,3.7313075415740293,0.15,0.13850277843660572,0.4645178416311282,True,0.0,11.391561839308117,0.9208529647340852,0.9212800275911619,0.9208529647340852,0.4734113922650778,0.0402003850737866,0.01903132026737357,0.16289245487016,0.058102008289032545,0.13850277843660572,1.0,1.1289198245355139,0.0005607034947772594,1.2241963575992182e-05,0.4645178416311282,0.4815748120624179,optimizer_terminal,
C038,3,34,3.382741565166225,9.792049167591717,8.459364873760878,8.6901218427892,9.960753579701842,1.0,1.0,7.865234411342491,2.9723471532293946,0.1524748468990826,0.16989959581248437,0.41991570277153045,True,0.0,10.319388054917267,0.9197983857003817,0.9202559448487112,0.9197983857003817,0.37790954443048247,0.05129779229637487,0.01938592531701254,0.16576985703555072,0.06730401121973463,0.16989959581248437,1.0,1.4995989167188828,0.0004839435735901356,4.811960610554379e-05,0.41991570277153045,0.4369726732028202,optimizer_terminal,
C038,3,35,0.8815576623240141,9.121782478014056,6.283277980746253,9.223626708018953,5.95741567516886,1.0,1.0,7.809435232574583,2.2,0.15008044094319617,0.2164965454404084,0.36682291869348627,True,0.0,9.165002942661781,1.1180989964746215,1.1180989964742631,1.1180989964742631,0.2817105122817842,0.06821838224690735,0.019217835409810837,0.13422822256030062,0.08005978094659369,0.2164965454404084,1.0,2.1140009436398834,0.00047417297093655037,5.4594217405954546e-05,0.36682291869348627,0.383879889124776,optimizer_terminal,
C038,11,0,1.982397827554017,7.550668666678044,5.3768640105491325,7.877883786428159,5.641225562784933,1.0,1.0,7.890488252942344,2.2,0.15,0.21648019166109375,0.36399611740235255,True,0.0,9.271661497131639,1.0234915195173035,1.02349151951704,1.02349151951704,0.27881671317102913,0.06818181818181818,0.019010230443479256,0.1465571498538466,0.08011655529745741,0.21648019166109375,1.0,2.0980894567636845,0.00047775269668715194,4.8260603620452486e-05,0.36399611740235255,0.3810530878336423,optimizer_terminal,
C038,11,1,0.1,10.0,10.0,10.0,10.0,0.0,0.031802564511021814,7.9,4.0,0.15,0.13083005346118837,0.4767184908226386,True,0.0,11.761531262490351,0.9589822939955699,0.9704352540992993,0.9589822939955699,0.5063291139240506,0.0375,0.018987341772151896,0.15641581803875612,0.05583005346118837,0.13083005346118837,1.0,0.944060701509011,0.0005922554892221735,1.519652757819022e-05,0.4767184908226386,0.49377546125392835,optimizer_terminal,
C038,11,2,1.3176705656458763,8.857444254059912,6.266295152651809,8.913511196109722,5.789944081613292,1.0,1.0,7.830964254761783,2.6391919198477214,0.15500880560435482,0.19030452744229776,0.3992049053821725,True,0.0,9.711488966861994,0.9506861116853241,0.9506861116850767,0.9506861116850767,0.3370200442739737,0.058733434442046435,0.01979434467602102,0.1630494057913648,0.07283765855820488,0.19030452744229776,1.0,1.8153190975069131,0.0004923038473227563,7.09119715983825e-05,0.3992049053821725,0.41626187581346225,optimizer_terminal,
C038,11,3,1.1735867733415448,9.507886670860458,6.772852823442443,6.755651953191071,6.211284796946947,0.0,0.14018942526948142,7.787002481426946,2.816416700735396,0.15479477620279164,0.1802407173431177,0.41555250887676476,True,0.0,9.962639532417922,0.9377996875455745,1.0468997031679235,0.9377996875455745,0.36168175205452047,0.0549616028630895,0.01987860881924696,0.16506166322994112,0.07031751161693868,0.1802407173431177,1.0,0.7671559223681405,0.00045551687128784753,1.0626966185001398e-05,0.41555250887676476,0.4326094793080545,optimizer_terminal,
C038,11,4,1.2782029271599813,10.0,7.491695433872333,9.149460565755565,7.403549385997169,1.0,1.0,7.9,2.6933872441376168,0.15085354106219712,0.1819753926290669,0.40374222691824624,True,0.0,9.867469007642702,1.0498637643236428,1.0498637643234738,1.0498637643234738,0.340935094194635,0.05600885702215398,0.019095384944581913,0.14368868246386832,0.06995767858475894,0.1819753926290669,1.0,1.588877332171113,0.0004559546192625717,5.568238952484818e-05,0.40374222691824624,0.42079919734953597,optimizer_terminal,
C038,11,5,3.479983841483311,6.632047050097219,6.276889357784693,6.302328664102133,4.044956743017208,0.9985712240768204,0.9662564186784163,7.84323540379595,2.494055965861274,0.15389602006592704,0.19920992665624396,0.39052436014469233,True,0.0,9.634772808438882,1.3037353051679548,1.136493554000629,1.136493554000629,0.3179881563486169,0.06170511895982335,0.019621497015306313,0.13541301622362029,0.07579968873659723,0.19920992665624396,1.0,1.6513874868330913,0.0004770762190789635,3.827698911046983e-05,0.39052436014469233,0.40758133057598206,optimizer_terminal,
C038,11,6,0.6768189341745338,5.716437764831474,5.400491508933806,7.920342623359555,5.845323576474017,0.9873065463356071,0.9907711897637358,7.9,2.9607011423858385,0.15090109630367574,0.16797037601953843,0.41767773054587043,True,0.0,10.235262573713385,0.9472533650303329,0.9472533650302034,0.9472533650302034,0.3747722965045365,0.05096802718226206,0.01910140459540199,0.15930383767901865,0.06603432165501434,0.16797037601953843,1.0,2.194329117398793,0.00048344975494072696,6.95322762990154e-05,0.41767773054587043,0.43473470097716016,optimizer_terminal,
C038,11,7,2.260870029272887,5.220556063245576,3.771979717198052,5.073039712780103,3.418473849074503,1.0,1.0,7.893681654406753,2.374280959700227,0.15162690663828568,0.20455785171410434,0.37534341535579474,True,0.0,9.496975225422501,0.9667103009813593,0.9667103009812645,0.9667103009812645,0.3007824566087933,0.063862242595514,0.01920864221242542,0.1568483406914936,0.07683336652307637,0.20455785171410434,1.0,1.829759528030957,0.0004801032528017747,4.958835839775139e-05,0.37534341535579474,0.39240038578708447,optimizer_terminal,
C038,11,8,3.882295648948756,7.518643841793782,6.093974809858423,5.745008077341575,3.404939142574978,1.0,1.0,7.885027147269661,2.4158363829254323,0.15341855522889677,0.20406645997024095,0.3819714310511691,True,0.0,9.56748600676885,1.3428958621797749,1.3494835157712912,1.3428958621797749,0.30638276036398443,0.06350535835672619,0.019456946991237796,0.11424456620178228,0.07705574325678857,0.20406645997024095,1.0,1.446906886331493,0.00047318566815469123,3.453239888850168e-05,0.3819714310511691,0.3990284014824588,optimizer_terminal,
C038,11,9,2.0789901132193753,9.196146954889784,5.561715307273241,7.739695235160954,4.7610938818538395,0.9902895332044556,1.0,7.9,2.2676645499219523,0.15,0.21040431138070445,0.37117677785894715,True,0.0,9.328656964954877,0.9712782593783407,0.9980412465240215,0.9712782593783407,0.2870461455597408,0.06614734970618236,0.018987341772151896,0.15443566099791667,0.07810961196833974,0.21040431138070445,1.0,1.812706523430998,0.0004606550592510269,5.2079769408156464e-05,0.37117677785894715,0.3882337482902369,optimizer_terminal,
C038,11,10,0.834254252637723,9.120810309953223,9.21547816204656,9.37502506195656,9.387267913195375,0.9996912474139782,0.9997903277140683,7.896829967992106,3.520334681473341,0.15000066468702997,0.14491779336360094,0.4592728801031905,True,0.0,11.06382063419594,1.0461258253071968,1.0461258253071617,1.0461258253071617,0.4457908674420201,0.04260977385941363,0.018995048050296313,0.14338682886734683,0.05969824564477371,0.14491779336360094,1.0,1.9759608774912956,0.0004906584847092605,5.343469669650458e-05,0.4592728801031905,0.47632985053448024,optimizer_terminal,
C038,11,11,0.1,10.0,8.421868714666363,10.0,8.907472843449844,0.12773054259518063,0.03725710192214361,7.884589222479166,3.173697021114431,0.15,0.15744867854502342,0.4350263658474113,True,0.0,10.496722202691467,0.9855841337552871,0.9291209062695172,0.9291209062695172,0.4025190065788259,0.047263490812783415,0.019024453369409042,0.16144292845832095,0.06292169691945657,0.15744867854502342,1.0,0.639153819512101,0.00047582651292452744,9.653114807730262e-06,0.4350263658474113,0.452083336278701,optimizer_terminal,
C038,11,12,0.10771177645326664,10.0,9.103545063374122,10.0,10.0,0.0,0.0,7.8586283207718,3.2279239982357653,0.15,0.1555296517405529,0.44241500830583413,True,0.0,10.58493817199795,1.0342491859458265,1.0342491859458456,1.0342491859458265,0.41074903487975994,0.046469495589729834,0.01908730046483079,0.14503274649699063,0.06259066056109322,0.1555296517405529,1.0,0.5837479057308497,0.0004809272326060544,5.786730300797368e-06,0.44241500830583413,0.45947197873712387,optimizer_terminal,
C038,11,13,0.9974645304736053,8.394415027657203,8.117295500564419,8.886903427173895,7.993852087210897,0.9954679073481656,0.996922279296157,7.892547768806072,3.6663907985060744,0.15000975675456887,0.14015638480037593,0.46236962617393845,True,0.0,11.251334976815956,0.9469548455889824,0.9485553044061421,0.9469548455889824,0.4645383095426865,0.04091483014186392,0.019006506029327623,0.15841278752976498,0.058326724516648096,0.14015638480037593,1.0,2.1160708996774455,0.0005092103473739422,5.770985385516352e-05,0.46236962617393845,0.4794265966052282,optimizer_terminal,
C038,11,14,2.7609200125951663,5.15451301472335,5.7137167882965745,6.371979134467098,2.9074997967311327,1.0,1.0,7.9,2.46069243581974,0.15300376658573228,0.20011439007257442,0.386946900997337,True,0.0,9.624980167578753,1.553824440181118,1.5412278222105913,1.5412278222105913,0.3114800551670557,0.06217915102208275,0.01936756539059902,0.09927394534461373,0.07575608802840894,0.20011439007257442,1.0,2.0267789733794985,0.0004774654494844319,4.109902481303184e-05,0.386946900997337,0.4040038714286267,optimizer_terminal,
C038,11,15,2.964220908065892,7.81740509944774,8.664249956393787,10.0,8.176601346065581,0.2909091422808713,0.2661384573235642,7.885502432899385,3.1364803790759774,0.15,0.15958866634280772,0.43202599918268303,True,0.0,10.542744360306548,1.04357468953425,0.9693590702628306,0.9693590702628306,0.397752762841104,0.04782430682515244,0.019022250170665052,0.15474142100855282,0.06394005269250283,0.15958866634280772,1.0,1.506595793146187,0.00046998155623949567,1.0121736324117107e-05,0.43202599918268303,0.44908296961397276,optimizer_terminal,
C038,11,16,0.1,10.0,10.0,10.0,10.0,0.0,0.021990850611923393,7.870392070537168,3.8907442260935063,0.15,0.1338043967149309,0.46770209518216166,True,0.0,11.574654219253745,0.9833658265460885,0.990458322965854,0.9833658265460885,0.49435202099505526,0.03855303543060377,0.019058770980612944,0.15253733244610548,0.056698325853723384,0.1338043967149309,1.0,0.9390376976128096,0.0005810341776817837,1.284717906078016e-05,0.46770209518216166,0.4847590656134514,optimizer_terminal,
C038,11,17,0.7484092996125564,9.08376223810887,9.271127007946998,9.60971376522733,10.0,0.0,0.0,7.9,3.4582732826818363,0.15,0.14705742341118208,0.45527880034994483,True,0.0,10.984410609220529,1.035740399852904,1.0354673010315472,1.0354673010315472,0.437756111731878,0.04337424712823081,0.018987341772151896,0.14486213118518362,0.060308929154720456,0.14705742341118208,1.0,0.8587340422711576,0.0005071688795384734,4.532881425885389e-06,0.45527880034994483,0.47233577078123457,optimizer_terminal,
C038,11,18,2.151377145931076,9.830150649378812,7.144300320764252,7.356499784827355,5.737646598936156,0.9987787333086531,0.9969775468359872,7.884843920297048,2.9764790351163803,0.15,0.1662466064663264,0.42207619344839803,True,0.0,10.241336697005647,1.032444911828166,1.0324449118282173,1.032444911828166,0.37749371645193536,0.05039511390146076,0.019023838837681013,0.14528620198669265,0.06545637866340488,0.1662466064663264,1.0,1.2846531833504267,0.00045729051814525625,5.2654143316196585e-05,0.42207619344839803,0.43913316387968776,optimizer_terminal,
C038,11,19,0.1,10.0,9.893502759588323,9.906270258400756,10.0,0.0,0.12088123103945067,7.9,3.3618289299547173,0.15,0.150352294223165,0.45122162106893826,True,0.0,10.820824466636985,1.0351529875311456,1.1252124660772056,1.0351529875311456,0.4255479658170528,0.04461857016681109,0.018987341772151896,0.14490611707333434,0.06111515388954285,0.150352294223165,1.0,0.7716533860400847,0.0005058008059431448,6.675803422122639e-06,0.45122162106893826,0.468278591500228,optimizer_terminal,
C038,11,20,1.750656403289146,10.0,8.64357204313814,8.923326520296458,9.891329174067995,0.9818176724406625,1.0,7.9,3.047847649399013,0.15160926843572134,0.16505540315948325,0.4270967016011995,True,0.0,10.413459434723428,0.9095380085748992,0.9841347258332253,0.9095380085748992,0.3858034999239257,0.04974305998057884,0.01919104663743308,0.1666882164421791,0.06556928319832558,0.16505540315948325,1.0,1.5281412153687381,0.00047126949531949984,4.8827139093941584e-05,0.4270967016011995,0.44415367203248923,optimizer_terminal,
C038,11,21,6.421957854166238,9.65994473303444,10.0,10.0,5.134286154760017,0.0,0.0,7.850571564802035,4.0,0.1510460083147176,0.13210766408881577,0.4734874844900319,True,0.0,11.76388379191892,0.9072203051900014,0.907196387910581,0.907196387910581,0.5095170417825325,0.0377615020786794,0.01924012883239368,0.16649758566896503,0.05658465993145697,0.13210766408881577,1.0,1.1523116233467838,0.0005906503654000711,2.414927621472768e-05,0.4734874844900319,0.49054445492132165,optimizer_terminal,
C038,11,22,0.1,9.426511692793387,6.001084722544473,8.715370678512958,5.436561697413005,0.9972471475968805,0.9891725820132062,7.832106673086541,2.2329118961826278,0.15030830681914673,0.2136907352108176,0.37016483705503844,True,0.0,9.1987501335928,0.9688735685315272,0.9576940661918344,0.9576940661918344,0.2850972272703563,0.06731492947666805,0.01919129974769764,0.15694814463749499,0.0790608762574815,0.2136907352108176,1.0,2.0422038515112346,0.00046079499091261774,5.970248996686641e-05,0.37016483705503844,0.3872218074863282,optimizer_terminal,
C038,11,23,1.5372043219210667,8.279103978241292,8.464403614827338,8.77669529482241,8.800659035787955,0.9993956581804726,0.999589594592819,7.893795087075075,3.064249826890958,0.1500013010358044,0.16261839968093852,0.4300917831160846,True,0.0,10.435548744494877,1.1337643103962132,1.13376431039634,1.1337643103962132,0.3881846175495758,0.04895204683359593,0.019002431578368357,0.1323037774785695,0.06471430601374666,0.16261839968093852,1.0,1.753909094697115,0.0004646033708264008,5.111310391239115e-05,0.4300917831160846,0.4471487535473743,optimizer_terminal,
C038,11,24,0.1,10.0,8.056295033456964,7.969800683497665,9.171801857003604,0.0,0.014845851802245597,7.897207501230254,3.319169310585707,0.15042875902178413,0.15234122695445115,0.44811649341671983,True,0.0,10.751000772123078,0.97445700319748,0.981932705321571,0.97445700319748,0.42029658079373444,0.04532120688812924,0.019048348292526166,0.15437187944484276,0.06169881317819267,0.15234122695445115,1.0,0.7526346282514761,0.0004972536246971683,7.284933385947361e-06,0.44811649341671983,0.46517346384800956,optimizer_terminal,
C038,11,26,0.1,10.0,9.5609979734993,10.0,10.0,0.04745566235723081,0.0339341363399474,7.8705616892802865,3.8273924154069303,0.15,0.13550090289928374,0.466423079084893,True,0.0,11.470825676194183,0.9420795125567729,0.9387177609255243,0.9387177609255243,0.48629215632981354,0.03919117344649175,0.019058360244390202,0.15979243841312665,0.05711855600630025,0.13550090289928374,1.0,0.9888600597469445,0.0005762435881553742,1.311600311725594e-05,0.466423079084893,0.48348004951618273,optimizer_terminal,
C038,11,27,7.803491135411512,7.213027155017582,6.878076859226404,6.93891802330864,0.1,1.0,1.0,7.895766291036717,3.3653075403301367,0.15296219257632218,0.1532953871956798,0.4446798975776426,True,0.0,10.838029840313181,1.048123661892108,1.048123661892139,1.048123661892108,0.42621671111902565,0.04545266390759538,0.019372684922293743,0.14593907010952287,0.06239005938048907,0.1532953871956798,1.0,1.924732967852514,0.0005202262383392111,6.145370384555149e-05,0.4446798975776426,0.4617368680089323,optimizer_terminal,
C038,11,29,1.8566665733755392,6.857282537795367,6.314858192828067,7.82126259475611,6.073234250512399,0.9911290358575875,0.9939757740846049,7.885413255910478,2.9698745876903603,0.15001909753982892,0.1667476535546804,0.41891758656364314,True,0.0,10.259268396745044,0.9990990964172488,1.0021668704424127,0.9990990964172488,0.3766289085057531,0.050513613659523976,0.019024887177267816,0.1501543721516661,0.06572042623563248,0.1667476535546804,1.0,1.8536293964117583,0.00047203959318113057,6.036641800393249e-05,0.41891758656364314,0.43597455699493287,optimizer_terminal,
C038,11,30,0.6279124563273644,10.0,5.669894600811906,8.321548653554638,5.525153315130971,1.0,1.0,7.9,2.2,0.15,0.21600420704392365,0.3669595655972541,True,0.0,9.227687456155955,1.0191485953414865,1.019148595341263,1.019148595341263,0.27848101265822783,0.06818181818181818,0.018987341772151896,0.14718167761372652,0.07964057068028729,0.21600420704392365,1.0,1.9625033473880957,0.0004580970593685917,5.593384482134762e-05,0.3669595655972541,0.38401653602854385,optimizer_terminal,
C038,11,31,0.5104214316610407,9.964446597334216,5.584684749150935,8.4476912499003,5.435128048294646,0.9934686319539079,0.9963527443006734,7.8652274738299575,2.2170303572479924,0.15034832887840502,0.2150436947201953,0.36837019494681944,True,0.0,9.210382697551346,0.9818403924845612,0.9860921389821635,0.9818403924845612,0.2818774618566008,0.06781518727828018,0.01911557286533166,0.15312909310844955,0.07941332016363493,0.2150436947201953,1.0,1.988333692841777,0.00046227378310344746,6.004562059472535e-05,0.36837019494681944,0.38542716537810917,optimizer_terminal,
C038,11,32,4.47217273352375,8.665131297214284,10.0,9.41221079431732,7.256358553387132,0.1456292427079977,0.0,7.85659043152079,3.0430732518713075,0.15057315847679895,0.16452018787373549,0.4297047256189651,True,0.0,10.409524782990962,1.2436985234269402,1.0882398780017484,1.0882398780017484,0.38732746455287265,0.049480622388634744,0.019165204014288,0.13836394118664805,0.06555894309646601,0.16452018787373549,1.0,0.7879754148744718,0.00045654780892652355,3.949773331417605e-06,0.4297047256189651,0.44676169605025484,optimizer_terminal,
C038,11,33,6.83872733421632,8.213989968127189,9.588952695440804,8.166211492277906,7.34689397965824,0.0,0.0,7.9,3.3269868407071277,0.15,0.15250379324281862,0.44533766684907905,True,0.0,10.921913965910319,1.059000521584318,1.0597913199551663,1.059000521584318,0.42113757477305414,0.04508584108740224,0.018987341772151896,0.1416429897273256,0.062332111068014145,0.15250379324281862,1.0,0.8994057557594136,0.0004807394107708686,6.0845580906574496e-06,0.44533766684907905,0.4623946372803688,optimizer_terminal,
C038,11,34,0.1,10.0,10.0,10.0,10.0,1.0,1.0,7.9,3.755062982204467,0.15,0.13750099184000472,0.4655770931129516,True,0.0,11.393110582339476,1.034153957890101,1.0341539578900203,1.0341539578900203,0.4753244281271477,0.03994606767206344,0.018987341772151896,0.1450461015553664,0.057608856495877825,0.13750099184000472,1.0,2.1375338768552816,0.0005084970677624488,5.2705076326590106e-05,0.4655770931129516,0.4826340635442413,optimizer_terminal,
C038,11,35,3.444288336324661,10.0,10.0,9.967082181272415,6.674109695057785,0.0,0.0,7.89114951609061,4.0,0.15059930783224887,0.1313904342255341,0.4747478435623244,True,0.0,11.756248823899613,0.969388952220506,0.9693889522204937,0.9693889522204937,0.5068969979397449,0.03764982695806222,0.01908458425799261,0.15535488359681046,0.05609078030940967,0.1313904342255341,1.0,1.029361901600077,0.000587991643513052,2.038230520053481e-05,0.4747478435623244,0.49180481399361414,optimizer_terminal,
C038,29,0,10.0,9.542622400822134,7.15266111248634,10.0,3.032611211474422,1.0,1.0,7.8886572840554585,2.2,0.15,0.21695047824951547,0.3619763391806033,True,0.0,9.323922332883633,0.9255096465235882,0.9255096465233077,0.9255096465233077,0.27888142693771684,0.06818181818181818,0.01901464274575342,0.162072865003058,0.08058684188587911,0.21695047824951547,1.0,2.195139078436579,0.0005021488704209121,5.0627648358973696e-05,0.3619763391806033,0.379033309611893,optimizer_terminal,
C038,29,1,0.5892726178310798,8.962588013871951,9.480826831922478,9.995233482727285,8.63075165160209,0.0,0.0,7.9,4.0,0.15000777361044945,0.1308073383336975,0.475341830365364,True,0.0,11.755317913583802,0.9364968127964591,0.935802449609304,0.935802449609304,0.5063291139240506,0.03750194340261236,0.018988325773474615,0.1602985477042483,0.05580345152847278,0.1308073383336975,1.0,0.8365543314310648,0.0005837148689795894,1.4290557151903927e-05,0.475341830365364,0.4923988007966537,optimizer_terminal,
C038,29,2,5.639001409742647,8.259988839439924,7.765875543964378,10.0,6.509899824193599,1.0,1.0,7.84213924246694,2.636461206164089,0.15000442731428734,0.18511934886944853,0.399834411157411,True,0.0,9.831197321448895,0.9698944310670434,0.9688272203914239,0.9688272203914239,0.33619158301692237,0.05689612536819224,0.019127998455061825,0.15483093802183098,0.07132709813306407,0.18511934886944853,1.0,1.9302664043255342,0.0004859051962353771,5.5259652959540794e-05,0.399834411157411,0.4168913815887007,optimizer_terminal,
C038,29,3,10.0,6.425480141168992,7.2168983475541735,9.893360193110267,1.5322085733519342,0.6541994042794204,0.6569007403078313,7.9,2.855022810796664,0.15001062667532103,0.17289911513974263,0.4097142056034305,True,0.0,10.196053320912469,0.9290480288499601,0.929048028849979,0.9290480288499601,0.3613952925059068,0.052542706877169276,0.01898868692092671,0.16146703078528088,0.06781370138540407,0.17289911513974263,1.0,1.7690518828115516,0.00045814615469763544,3.621451222113287e-05,0.4097142056034305,0.42677117603472026,optimizer_terminal,
C038,29,4,10.0,9.408189862784289,9.256059721773628,9.996865995270852,0.8508458840363032,1.0,1.0,7.896812013691269,2.4779173067619995,0.15000025270042203,0.19506692669789397,0.38765292670849144,True,0.0,9.653005060919703,1.3830701181469875,1.3828222646700141,1.3828222646700141,0.31378704500827126,0.0605348097335959,0.018995039066442995,0.108473993030635,0.07399730723070215,0.19506692669789397,1.0,1.9178141614662736,0.00047391985747912286,4.4826264359090344e-05,0.38765292670849144,0.40470989713978117,optimizer_terminal,
C038,29,5,5.178709055188468,10.0,10.0,9.993625220884928,10.0,0.9872258954106038,1.0,7.888415101569709,2.909066768441032,0.15,0.1702692315831584,0.4179988266200135,True,0.0,10.272008231581193,0.984700021374078,1.0416527635378934,0.984700021374078,0.36877709032606043,0.05156292788713989,0.019015226514911925,0.15233065577746793,0.06714337580887862,0.1702692315831584,1.0,1.6317523002077527,0.0004702844140289634,4.6853070369383796e-05,0.4179988266200135,0.4350557970513032,optimizer_terminal,
C038,29,6,5.071602752341045,9.195404613219063,7.150490579964725,9.988412095794402,3.578162168545953,0.9603023245795772,0.9876366795466469,7.85304856191298,2.2600051602966116,0.15,0.2113338723445472,0.3684896508046348,True,0.0,9.29882841552001,1.0194910970481668,1.1155805653271664,1.0194910970481668,0.2877869839309998,0.06637152986868111,0.019100862399794,0.1471322313988909,0.07859081260718502,0.2113338723445472,1.0,2.079377215500537,0.00047675485439821534,4.983072559834016e-05,0.3684896508046348,0.38554662123592454,optimizer_terminal,
C038,29,7,2.38812295582575,6.399932687247412,9.668236912840776,9.865274172230839,5.466705494172606,1.0,1.0,7.895471252422287,2.3475375836608663,0.15,0.2048592928022561,0.3814118874697171,True,0.0,9.522722046240018,1.4366701916628373,1.3914760829194612,1.3914760829194612,0.29732710165218507,0.06389674058639887,0.018998232683575512,0.10779919384980331,0.07706581162945839,0.2048592928022561,1.0,2.3812341007800506,0.00045583753295207663,2.7261548049828933e-05,0.3814118874697171,0.39846885790100683,optimizer_terminal,
C038,29,8,2.1516301157152036,9.544066448899995,7.0310018953753435,8.37588261410888,4.666089970127337,0.5502202190632031,0.555739810430745,7.9,3.0257601818490656,0.15407491329388956,0.1680679900608898,0.42425588364046984,True,0.0,10.274420736341384,0.9436729146661057,0.9565913676513723,0.9436729146661057,0.3830076179555779,0.05092105918312838,0.019503153581505006,0.16327152226087255,0.06622587169463304,0.1680679900608898,1.0,1.6274309389862573,0.00047252079221993216,3.529137738386636e-05,0.42425588364046984,0.4413128540717596,optimizer_terminal,
C038,29,9,10.0,10.0,7.582299042151434,9.043238003001559,0.1,1.0,1.0,7.758514377826858,2.4469428219598077,0.1500482859428127,0.19750625040485223,0.3829169874010625,True,0.0,9.47216221475191,1.0555434927185052,1.0555434927182241,1.0555434927182241,0.31538806307467215,0.06132071603644415,0.019339821857086107,0.14215263224863428,0.07486481833196393,0.19750625040485223,1.0,1.8115527210928022,0.0004923611615659562,5.416294518808669e-05,0.3829169874010625,0.39997395783235223,optimizer_terminal,
C038,29,10,6.331623240394257,6.594161285189466,6.980084795696043,10.0,0.8151268194056982,0.1811003763605142,0.1500205089731088,7.871240854853524,3.2866595874094986,0.15000866587453243,0.15310598961346364,0.440065823376821,True,0.0,10.661763594313648,0.9736454080895834,0.9245661118316816,0.9245661118316816,0.41755291802345185,0.045641680218171686,0.019057816758590845,0.1622476358963086,0.06182262917712024,0.15310598961346364,1.0,1.4925966393545833,0.0005006978122000164,2.192847156555959e-05,0.440065823376821,0.4571227938081107,optimizer_terminal,
C038,29,11,3.419485988104517,10.0,7.709983271611055,10.0,8.319941742296184,0.9908860840931384,0.9662725252288619,7.9,2.3238546994601195,0.1500018416314177,0.20637133410744443,0.3746111527153242,True,0.0,9.457411616618714,1.0082803402626148,0.9245925681832083,0.9245925681832083,0.2941588227164708,0.0645487179840746,0.018987574890052872,0.16223561252083823,0.07727389813929524,0.20637133410744443,1.0,1.8730179226823498,0.0004623695864222047,4.247656393730173e-05,0.3746111527153242,0.3916681231466139,optimizer_terminal,
C038,29,12,5.115083558279121,8.825734952152759,9.899584314700434,9.999662707041761,6.816090459898674,0.9504925352518768,0.9328472875139739,7.897225588741349,3.0252327588699526,0.15000304838899603,0.16450315807525734,0.42840310511341617,True,0.0,10.405922984582459,1.205346362577182,1.0985078078478845,1.0985078078478845,0.383075388296222,0.04958396934886698,0.01899439831158519,0.13655164516570067,0.06533521937752336,0.16450315807525734,1.0,1.8449842774895124,0.00046435536070540484,4.761247142524706e-05,0.42840310511341617,0.4454600755447059,optimizer_terminal,
C038,29,13,4.363772739037119,8.797035451728332,9.089664686694535,10.0,6.3525974066011415,0.2666436808488861,0.25192784988769523,7.8975899053966065,3.6778511860940073,0.15,0.1399252060048438,0.45985711272893715,True,0.0,11.300086707461777,0.9391542434425009,0.9067116249969778,0.9067116249969778,0.46569285442142877,0.04078468442854662,0.018993136108207076,0.16543297324604167,0.05835583714775055,0.1399252060048438,1.0,1.6383225578170235,0.0005658995466621961,2.0662063251807153e-05,0.45985711272893715,0.4769140831602269,optimizer_terminal,
C038,29,14,4.636052210782324,8.69554168288877,9.282633934631425,9.972889377561225,7.092692806942257,0.22044599750624827,0.12585219242844925,7.849209028818896,3.075496964615225,0.15,0.1623536041876866,0.4301312844372117,True,0.0,10.429925184335449,1.0511912545440005,0.9065863428944353,0.9065863428944353,0.39182253311427073,0.04877260544419574,0.01911020581172765,0.16545583459938165,0.06480839329929514,0.1623536041876866,1.0,1.0498467594374012,0.00046173270272653144,6.508049606527506e-06,0.4301312844372117,0.44718825486850144,optimizer_terminal,
C038,29,15,0.1,9.56890570627285,8.964654089550724,9.920324148174437,8.802196061369019,0.0,0.0,7.8152583075933295,3.508852818118159,0.15,0.14530801619230724,0.4593768398556464,True,0.0,10.934298831204156,0.9913677403091646,0.9913677403091646,0.9913677403091646,0.44897464421731864,0.042749014499971774,0.019193223575765823,0.15130611366597574,0.05980998719236368,0.14530801619230724,1.0,0.9464220355056814,0.0005336767695831539,1.026186276277505e-05,0.4593768398556464,0.47643381028693615,optimizer_terminal,
C038,29,16,9.21069964859375,8.155315558934861,10.0,10.0,3.362747124474074,0.0,0.0,7.9,4.0,0.15001365082512116,0.13130895690770913,0.47138553882903167,True,0.0,11.859903051894525,0.9390320961839725,0.9300535548954235,0.9300535548954235,0.5063291139240506,0.03750341270628029,0.01898906972469888,0.1612957125269941,0.056302131495148545,0.13130895690770913,1.0,1.2431090774450104,0.0005709987968749497,2.394737547082524e-05,0.47138553882903167,0.4884425092603214,optimizer_terminal,
C038,29,17,0.1,10.0,9.795714228119094,10.0,9.018075089981096,0.016545440716538587,0.06810094696586806,7.9,3.1627178878186704,0.15,0.1580179317574093,0.43800690168523654,True,0.0,10.521016673237469,1.0593332345691024,1.084364121152755,1.0593332345691024,0.4003440364327431,0.0474275624069193,0.018987341772151896,0.1415985028176846,0.06316280694357071,0.1580179317574093,1.0,0.4489990321336383,0.00047266890619955223,3.939439702958221e-06,0.43800690168523654,0.45506387211652627,optimizer_terminal,
C038,29,18,7.482127918357052,9.304685023445405,7.024041876845918,9.994079848068683,3.1678059222778066,0.979718828733888,0.993683695156536,7.855018459031529,2.2306560754486897,0.15,0.21406691710597475,0.36465195488452734,True,0.0,9.295611521222751,0.9619594657662699,0.9999569257069916,0.9619594657662699,0.28397846384230074,0.06724479028880682,0.019096072247613022,0.15593172616739542,0.07957733652836113,0.21406691710597475,1.0,2.1275719678772482,0.0004921725112229262,5.055024207735872e-05,0.36465195488452734,0.38170892531581707,optimizer_terminal,
C038,29,19,5.7650345795419815,7.807355704611002,10.0,10.0,7.8487803764955935,1.0,1.0,7.886154614168003,3.388435715929864,0.15000583704076903,0.15009986765796152,0.4501707466473002,True,0.0,10.966169146317785,1.067374642444925,1.0463886203446304,1.0463886203446304,0.42966894281305534,0.04426993740372731,0.019021417202659652,0.1433557610664423,0.06155999285050688,0.15009986765796152,1.0,2.11446215879554,0.0005058898180517853,5.649879662670188e-05,0.4501707466473002,0.46722771707858995,optimizer_terminal,
C038,29,20,0.1,10.0,8.011766804508698,7.299323002760249,10.0,0.0,0.0,7.889570994874625,3.1243183682201305,0.15,0.15996581110107363,0.4346667006656265,True,0.0,10.508073423067508,1.0163666850008495,1.0222854407881052,1.0163666850008495,0.3960061162070549,0.04801047214834651,0.019012440612733682,0.14758453047865755,0.06394486680438063,0.15996581110107363,1.0,0.6474191996071098,0.0004614798483290385,6.811316699529538e-06,0.4346667006656265,0.45172367109691625,optimizer_terminal,
C038,29,21,0.1,7.54491370675346,7.854522586164472,9.448541209347745,8.197652621830713,0.21845577680016734,0.22043603418171093,7.9,3.7901721440819327,0.15001173970446482,0.13642013023311278,0.4610516847043864,True,0.0,11.429473175297463,0.9270748351594292,0.9270748351593212,0.9270748351593212,0.479768625833156,0.03957913625076286,0.01898882781069175,0.16181189912105073,0.05726185773158703,0.13642013023311278,1.0,1.331808307654498,0.0005865558048529524,2.051131149977701e-05,0.4610516847043864,0.47810865513567613,optimizer_terminal,
C038,29,22,0.1,10.0,10.0,10.0,10.0,0.0,0.0,7.9,3.894269152909149,0.15,0.13360162999027042,0.4669051114227586,True,0.0,11.601450539673243,0.9972277041802599,0.9972277041802527,0.9972277041802527,0.4929454623935631,0.03851813886257579,0.018987341772151896,0.1504170004214874,0.05656535226511883,0.13360162999027042,1.0,0.9498409708733021,0.0005734986281524862,1.2320520367085815e-05,0.4669051114227586,0.4839620818540483,optimizer_terminal,
C038,29,24,4.792601230264922,9.319831201357852,7.825288724848803,9.771236486793633,5.593540200228327,0.9669926907583425,1.0,7.875916429802963,2.3342306785482956,0.15,0.20554744119445412,0.374789976156226,True,0.0,9.440343478676786,0.9937387910679555,1.124912676369003,0.9937387910679555,0.2963757550442536,0.06426100101352793,0.019045402695283885,0.1509450988008603,0.07702543916739826,0.20554744119445412,1.0,1.9045337773647104,0.0004710099620830523,4.2167402207876553e-05,0.374789976156226,0.39184694658751573,optimizer_terminal,
C038,29,25,6.89709931735737,8.299186295793056,9.373768152656604,10.0,4.497171313577942,0.0,0.0,7.8780934960021565,3.3123668780936804,0.1500002775263181,0.152561901026914,0.44492271032441727,True,0.0,10.784587565655594,1.0785732195273756,1.0723666196709172,1.0723666196709172,0.4204528519209102,0.04528492254838801,0.019040174834487267,0.13987779438001294,0.06199205593013797,0.152561901026914,1.0,1.0221756320141366,0.0004849611544950613,9.360914681133286e-06,0.44492271032441727,0.461979680755707,optimizer_terminal,
C038,29,26,0.7650333915758133,7.069685172462582,8.494132523285586,9.994834882958143,8.064196346634219,0.0,0.0,7.886863409364608,3.3362476148327675,0.15001244925623755,0.15145653180233024,0.44638565553125725,True,0.0,10.792097825120248,1.1381753255014335,1.1219607219251688,1.1219607219251688,0.42301323627228216,0.04496442308097598,0.019020546124599746,0.13370561582479615,0.06152768564037827,0.15145653180233024,1.0,0.8527448236707186,0.0004920848972330137,4.211455248762712e-06,0.44638565553125725,0.463442625962547,optimizer_terminal,
C038,29,27,10.0,7.19647007168138,7.806968320607339,9.998773855852924,0.1,1.0,1.0,7.793848401906502,2.4768526786000553,0.15000306269037192,0.1955575549172813,0.3868037329005488,True,0.0,9.57902231920316,1.2164827931747484,1.2080625554060918,1.2080625554060918,0.31779585012125416,0.06056196397403632,0.019246340826141642,0.12416829080506366,0.07443362696920866,0.1955575549172813,1.0,2.303422181257357,0.000505459328528915,5.4994327012821975e-05,0.3868037329005488,0.40386070333183854,optimizer_terminal,
C038,29,28,1.9745412389200485,8.49430873253493,8.909248189316445,9.981738129484256,7.348742505016385,0.0,0.0,7.893953800012896,3.8456459408322092,0.15002978289164726,0.13495821941517172,0.46303913640442323,True,0.0,11.51983097387106,0.9559208309432049,0.9544804089077262,0.9544804089077262,0.48716347197597315,0.03901289541469862,0.019005657582060104,0.15718476931688524,0.0569324285857745,0.13495821941517172,1.0,0.8589102698725898,0.0005603676314548286,1.4438751464974986e-05,0.46303913640442323,0.48009610683571297,optimizer_terminal,
C038,29,29,8.31975309675845,8.972328715855872,7.3382586201362585,9.844260856267569,0.1,1.0,0.972437337337508,7.9,2.2,0.15000129093413922,0.21644683729354716,0.36388821285450373,True,0.0,9.278757714248988,1.2471626827585613,1.1212554810049642,1.1212554810049642,0.27848101265822783,0.06818240497006328,0.01898750518153661,0.13377976159340185,0.08008202735342064,0.21644683729354716,1.0,2.2243802812871047,0.00048167921919701676,5.036271891452625e-05,0.36388821285450373,0.38094518328579347,optimizer_terminal,
C038,29,30,5.570414006461712,10.0,10.0,8.962996891048343,5.815285131779321,0.0,0.0,7.9,3.4781058397171183,0.15,0.14648872735629148,0.4568443957415499,True,0.0,11.033840365054035,1.0971372608830554,1.1012934865001998,1.0971372608830554,0.44026656198950864,0.04312692221355743,0.018987341772151896,0.1367194473727646,0.060234882929176635,0.14648872735629148,1.0,1.0893512672274965,0.0005116459490146642,9.590937653723267e-06,0.4568443957415499,0.4739013661728396,optimizer_terminal,
C038,29,31,5.038801868586765,8.979268568927818,9.971122489771433,8.421419836745436,6.735909593007367,0.0,0.0,7.9,3.457941781117117,0.15,0.14740397686545326,0.456029570801656,True,0.0,11.04495683610925,1.1572754217860322,1.1656880521188577,1.1572754217860322,0.4377141495084958,0.04337840527538935,0.018987341772151896,0.12961478069628735,0.060647166314674573,0.14740397686545326,1.0,1.0772205521125424,0.0005062849997299124,5.256280914709031e-06,0.456029570801656,0.47308654123294575,optimizer_terminal,
C038,29,32,3.126171975745532,7.404603212418518,10.0,10.0,10.0,0.0,0.0,7.867019873914672,3.1565781977843144,0.15,0.15919704314873617,0.43667306818623464,True,0.0,10.621416443301262,1.1901809624575483,1.149912461452631,1.149912461452631,0.4012419249442653,0.04751981120103058,0.01906694051928957,0.13044471212227055,0.064157420746675,0.15919704314873617,1.0,0.7988730438703918,0.00046173003186662456,4.631172724840719e-06,0.43667306818623464,0.45373003861752437,optimizer_terminal,
C038,29,33,2.179988309096965,8.236326882516579,10.0,10.0,10.0,0.0,0.0,7.881573825964978,3.889978068072097,0.15,0.13420501718244948,0.46576594165937635,True,0.0,11.667596761048696,0.9760669961444166,0.966937052309859,0.966937052309859,0.49355346457036187,0.038560628716948306,0.019031731899261224,0.1551290227648985,0.05708375974855286,0.13420501718244948,1.0,0.7446432947397404,0.0005650326203874621,1.0355206289702129e-05,0.46576594165937635,0.4828229120906661,optimizer_terminal,
C038,29,34,2.51091162445341,9.091437951140005,7.323995590127469,9.905132981894367,7.943093058385992,1.0,1.0,7.9,2.7189794841697856,0.15005151302860414,0.17975867187124733,0.40497207493916487,True,0.0,9.93253035128162,0.9174980551045944,0.9174980551044243,0.9174980551044243,0.3441746182493399,0.05518670291637781,0.01899386240868407,0.16354423008725197,0.06938526603849171,0.17975867187124733,1.0,1.8104344481849617,0.00046785614627741813,5.9218016182923614e-05,0.40497207493916487,0.4220290453704546,optimizer_terminal,
C038,29,35,0.1,6.9101086225211885,10.0,9.921598810353608,10.0,0.0,0.002228908340297542,7.805785059302863,4.0,0.15001378352186368,0.1316041152915196,0.4818973993122914,True,0.0,11.779871194801204,1.1130335893535597,1.0755383632154698,1.0755383632154698,0.5124404489248441,0.03750344588046592,0.01921828264321455,0.1394778546749154,0.056597223530587756,0.1316041152915196,1.0,0.44050101408254166,0.0005948999007242961,6.398003912313726e-06,0.4818973993122914,0.49895436974358115,optimizer_terminal,
C038,47,0,9.919348841050411,7.849898031454456,6.87901229413956,9.741167631290015,1.8035872464049323,0.9781064319844079,0.958430719027335,7.879738510500128,2.2,0.15,0.2170766913891456,0.3619053736437497,True,0.0,9.32796726377444,1.0100669692174185,0.9320591420599752,0.9320591420599752,0.27919708211997074,0.06818181818181818,0.019036164689998004,0.16093399359667238,0.08071305502550923,0.2170766913891456,1.0,2.3916197234527505,0.0004989068858087814,4.91126792542481e-05,0.3619053736437497,0.3789623440750394,optimizer_terminal,
C038,47,1,0.1,8.550360199383068,8.524940645874088,8.317850988997076,8.360405785491299,0.0,0.0,7.9,4.0,0.15,0.13083432004144407,0.4770340384480346,True,0.0,11.762430088730884,0.9749950452040175,0.9749950452040175,0.9749950452040175,0.5063291139240506,0.0375,0.018987341772151896,0.15384693567197824,0.05583432004144407,0.13083432004144407,1.0,0.9769083413586763,0.000588893224005116,1.4982452893279702e-05,0.4770340384480346,0.49409100887932433,optimizer_terminal,
C038,47,2,7.237336222564753,10.0,9.668935693971013,8.643292530259728,8.78929347051843,0.9858344034141069,0.9908973536499288,7.898325834762795,2.7221099248511886,0.1502547005550868,0.18074961174778847,0.40745884505079805,True,0.0,10.067010016591745,1.0543664580237146,1.0880170565163487,1.0543664580237146,0.34464391338103617,0.05519788131381244,0.019023613826334287,0.14250709457954636,0.07035384912016363,0.18074961174778847,1.0,1.5018677515249141,0.00046564784644026133,3.8898837360961704e-05,0.40745884505079805,0.4245158154820878,optimizer_terminal,
C038,47,3,4.2505917223305305,9.547686056396778,5.532550320998631,5.437177306554872,2.78931915242405,1.0,1.0,7.885769969250792,2.5705886413143064,0.15,0.1887605707191373,0.3949571031314409,True,0.0,9.73765257144079,0.9760525263477889,0.9838749874706332,0.9760525263477889,0.3259781418095983,0.05835239352933073,0.01902160481283366,0.15368025382944575,0.07205578366047584,0.1887605707191373,1.0,1.0545011940879312,0.0004563148296947721,4.4828317377962044e-05,0.3949571031314409,0.4120140735627306,optimizer_terminal,
C038,47,4,6.497579065671081,10.0,8.03866934103284,8.440508461734925,5.920644140871449,0.988726314921294,0.9968941926417514,7.89606207262042,2.5107702957108944,0.15,0.19304287439526246,0.38726691064863095,True,0.0,9.721964039089086,1.025745846654649,1.0616774323178606,1.025745846654649,0.31797752761050163,0.059742621719016835,0.018996811147182432,0.14623505470600498,0.07355763095722882,0.19304287439526246,1.0,1.5227752772128396,0.0004648080210630349,3.944988707256959e-05,0.38726691064863095,0.4043238810799207,optimizer_terminal,
C038,47,5,10.0,8.742544615653955,8.141304189208055,10.0,1.0027023830486406,0.9308916049314212,0.9414485322457342,7.878116487231178,2.4533360927646024,0.15003002997372725,0.19686922922838287,0.3822400253696935,True,0.0,9.605509660217301,1.1306861501032146,1.1677042248446106,1.1306861501032146,0.3114115025769117,0.06115347604276355,0.019043895862278167,0.132689367389909,0.07456227714285578,0.19686922922838287,1.0,2.086260271460436,0.0004720251478576437,4.55206273342487e-05,0.3822400253696935,0.3992969958009832,optimizer_terminal,
C038,47,6,1.7896893352848111,10.0,7.289875283315862,8.68645870378888,6.4303535193948065,1.0,1.0,7.894028807684498,2.852315136282836,0.15014154318109585,0.17237467691927197,0.4135640642808808,True,0.0,10.062433799946625,1.0001518901268154,1.0001518901268143,1.0001518901268143,0.36132565585600973,0.05263848348004131,0.019019634566691663,0.15011874162639302,0.06709770995918934,0.17237467691927197,1.0,1.5029167640140784,0.0004569299207070524,5.895700427264856e-05,0.4135640642808808,0.43062103471217056,optimizer_terminal,
C038,47,7,10.0,10.0,7.344253990608255,4.860169304873571,0.1,1.0,1.0,7.9,2.7564287368276688,0.15033936027507297,0.17880380884532507,0.41217689523787093,True,0.0,10.098697804915368,1.090353328768942,1.1709154487372497,1.090353328768942,0.3489150299781859,0.05454135572831686,0.01903029876899658,0.13788132370340253,0.06972109738869135,0.17880380884532507,1.0,1.205571607382302,0.00047026449043942754,3.602496460997795e-05,0.41217689523787093,0.42923386566916066,optimizer_terminal,
C038,47,8,7.691470751748761,9.7542682996089,9.215064497865658,9.881097526561604,8.255376487213212,1.0,1.0,7.89354722629026,2.2677220645122755,0.1500043015969317,0.21159993003963562,0.3679747300183872,True,0.0,9.463630065906282,1.1648608290084288,1.1648608290083142,1.1648608290083142,0.2872880847484382,0.06614756893905052,0.019003408391265103,0.12877444056955326,0.07930479216153458,0.21159993003963562,1.0,1.9316065651105083,0.0004815824404880152,3.939920051104581e-05,0.3679747300183872,0.38503170044967694,optimizer_terminal,
C038,47,9,0.24811619837229282,8.353393082220508,8.451032746133775,9.414473608009525,9.276271536591645,0.0,0.0,7.89472697698317,3.3739776890076523,0.15000190902980176,0.1499561219633941,0.448184606737397,True,0.0,10.83904807552976,1.034479400490324,1.0335967726242652,1.0335967726242652,0.4273710413095195,0.04445847686500856,0.01900026555283389,0.14512613913156122,0.061039168233376975,0.1499561219633941,1.0,0.7645320403085899,0.000495372420896845,4.593810014958181e-06,0.448184606737397,0.46524157716868675,optimizer_terminal,
C038,47,10,10.0,9.06007442641368,9.345136351074155,9.236347311452713,4.185300417076181,1.0,1.0,7.869571681631594,2.930159916464788,0.15011771892782416,0.1694742385723104,0.4175249885028662,True,0.0,10.293253318141238,1.0549394935603502,1.05484798991022,1.05484798991022,0.3723404570167508,0.051231920170739305,0.019075716570218764,0.1423121818155059,0.06701039823083174,0.1694742385723104,1.0,1.783787373002735,0.000489647000608852,5.378753540954418e-05,0.4175249885028662,0.4345819589341559,optimizer_terminal,
C038,47,11,10.0,7.3140222733591,5.923204292904586,8.707361442497094,0.1,1.0,1.0,7.875003714475604,2.3139267688722818,0.15001326949788793,0.20735824019307472,0.3722515862882235,True,0.0,9.437894840542794,0.9239938076724844,0.9239938076722515,0.9239938076722515,0.29383183205601393,0.06483060376668644,0.019049295078062994,0.16235311130039404,0.07769703265970182,0.20735824019307472,1.0,2.333092970624414,0.0005084690392612225,5.784472011759252e-05,0.3722515862882235,0.38930855671951325,optimizer_terminal,
C038,47,12,6.303679124054431,7.661140090963898,7.080081563367982,10.0,4.2581485866464925,1.0,1.0,7.855909647716065,2.5667115667972396,0.1502300717586449,0.18955592077816244,0.39177372969241336,True,0.0,9.730343495863437,0.9733505497549612,0.9714607372474081,0.9714607372474081,0.32672366179051654,0.05853017288814536,0.019123192411246864,0.15464348274570033,0.07249557500187173,0.18955592077816244,1.0,2.099242092532517,0.0004927514188347062,5.993272586982128e-05,0.39177372969241336,0.4088307001237031,optimizer_terminal,
C038,47,13,8.813129389784846,8.988459410485348,7.906557570842134,9.182873050854099,5.332123746779342,1.0,1.0,7.882438782627322,2.2357521844734647,0.1501116429341462,0.21436767610025154,0.3648939746277718,True,0.0,9.401991638104079,1.078072202746792,1.0780722027466587,1.0780722027466587,0.2836371136051194,0.06714144974412652,0.019043807008687227,0.13924080646147746,0.08008477661199853,0.21436767610025154,1.0,2.0372073396398753,0.0004930778646145809,4.316908831598191e-05,0.3648939746277718,0.3819509450590615,optimizer_terminal,
C038,47,14,10.0,10.0,10.0,10.0,3.172246028815583,0.0,0.0,7.887116231866994,3.357905333751457,0.15,0.15086522191138707,0.4427882082878861,True,0.0,10.86272187384772,0.9944412713163718,0.9944412713163303,0.9944412713163303,0.4257456382073112,0.04467070542230557,0.01901835798919028,0.15083847013051535,0.06152381106677594,0.15086522191138707,1.0,0.8582895685734723,0.0004902039191239773,1.3470332696169196e-05,0.4427882082878861,0.45984517871917585,optimizer_terminal,
C038,47,16,1.3209323291475292,10.0,10.0,10.0,8.572260169835015,0.10254369602115962,0.12126632903003419,7.878290149754145,3.597882732010731,0.15,0.14234060808076254,0.46433693854322755,True,0.0,11.14120564965039,1.044959813968215,1.0609956262458984,1.044959813968215,0.45668319694001225,0.04169118650406103,0.019039664336896883,0.14354619000167848,0.058958235072640475,0.14234060808076254,1.0,1.0938663144250786,0.0005523539097170174,1.4564976639178815e-05,0.46433693854322755,0.4813939089745173,optimizer_terminal,
C038,47,17,3.6173394110605024,7.400539362776856,9.192441842483014,10.0,7.499705914520611,0.38003702584394755,0.4060800655470849,7.889930632977156,3.0698982133282917,0.15,0.16251482863440966,0.4296997949540352,True,0.0,10.462257474059335,1.0904257500474441,1.1835382420045446,1.0904257500474441,0.3890906468172469,0.04886155487135011,0.019011573989390015,0.13756094809158123,0.06479171889170944,0.16251482863440966,1.0,1.4451265586482767,0.00045706186740706114,1.6606696701380262e-05,0.4296997949540352,0.44675676538532494,optimizer_terminal,
C038,47,18,3.130294514270023,9.7224852795713,9.646003294648542,9.923576733055638,7.670592987773344,1.0,1.0,7.868479231836445,2.9363537935466466,0.1500356210309974,0.16856187846137943,0.4221653881203671,True,0.0,10.220619460763372,1.2214763600312586,1.2214763600311067,1.2214763600311067,0.37317932818147925,0.05109589360816713,0.01906793124952815,0.12283137516241127,0.06637009124504517,0.16856187846137943,1.0,1.6615021451696577,0.00046258876653417874,5.079368449786029e-05,0.4221653881203671,0.4392223585516568,optimizer_terminal,
C038,47,19,10.0,9.344186844721518,7.260175253907084,6.897174474897925,0.1,1.0,1.0,7.8953003203746155,2.3334044022517935,0.15032239895836141,0.2063318436273022,0.3744697278869201,True,0.0,9.496627569069819,1.2450446984627581,1.2511329734097083,1.2450446984627581,0.2955434635247768,0.0644219230979836,0.019039478279304887,0.12073654796808717,0.07748799743133503,0.2063318436273022,1.0,1.7220960658334965,0.00047705056277393636,3.6872244390107274e-05,0.3744697278869201,0.39152669831820985,optimizer_terminal,
C038,47,21,9.405353532219278,10.0,7.100525735770011,9.936315740379415,0.1,0.9648167398130976,0.9706066563237452,7.8936165574800246,2.3960700780895148,0.15003947264730058,0.2005709476127584,0.3754399169731683,True,0.0,9.496316136849474,0.9802616364976381,0.9906052175053998,0.9802616364976381,0.3035452837925081,0.0626189834843784,0.019007697112564018,0.15306063918136625,0.0753329806440016,0.2005709476127584,1.0,2.0010641363055104,0.00047621317618968845,5.784897805810087e-05,0.3754399169731683,0.39249688740445804,optimizer_terminal,
C038,47,22,10.0,8.080361435984347,7.227711115309072,9.257161882699526,0.1,1.0,1.0,7.862444672366557,2.4143779924869633,0.15,0.1996478271944593,0.37745439418241056,True,0.0,9.541093394985685,1.1188957418542502,1.1188670178689082,1.1188670178689082,0.30707726325535434,0.06212780288205429,0.019078035681089345,0.13406418958144203,0.07539222143035072,0.1996478271944593,1.0,2.1334116890372155,0.000494131592814131,5.320063052814109e-05,0.37745439418241056,0.3945113646137003,optimizer_terminal,
C038,47,23,0.1,10.0,7.946165294983254,5.340141686912608,9.085417742444587,0.0,0.0,7.9,3.1573419736250834,0.15,0.15883694291707054,0.4402952876304539,True,0.0,10.612467466609536,1.1160381134044872,1.1830880991675952,1.1160381134044872,0.3996635409652004,0.047508315935691436,0.018987341772151896,0.1344040120121196,0.06382031104568768,0.15883694291707054,1.0,0.8416956616853293,0.0004768511322143571,6.899746283734357e-06,0.4402952876304539,0.4573522580617436,optimizer_terminal,
C038,47,24,3.7950120146532464,10.0,10.0,10.0,10.0,1.0,1.0,7.861784365644086,3.1390922265856407,0.15,0.15965799603651837,0.43280248431759993,True,0.0,10.544286736943635,1.0270424193251646,1.027042419325082,1.027042419325082,0.3992849562630388,0.04778451513135487,0.019079638034273542,0.1460504426862642,0.06408896577380863,0.15965799603651837,1.0,1.6958331563188063,0.0004782184618130563,5.088009745187898e-05,0.43280248431759993,0.44985945474888966,optimizer_terminal,
C038,47,25,1.2996512044212674,7.147675836648775,7.880207660180544,9.188509360593594,7.70405018426127,0.03343696455782812,0.10336040232478795,7.9,3.574585502840825,0.15005083494328558,0.1431622227676883,0.4590965320962407,True,0.0,11.142804346279304,0.9443029638543946,0.9788496790229686,0.9443029638543946,0.45247917757478795,0.04197712848777457,0.01899377657509944,0.15890115851253692,0.05920796579213915,0.1431622227676883,1.0,0.8987848997268034,0.0005326036828603956,9.37943282557511e-06,0.4590965320962407,0.4761535025275304,optimizer_terminal,
C038,47,26,0.1,7.812454184842469,7.415120957426913,8.350480593424727,7.174869701789061,1.0,1.0,7.896385634694618,3.5078583129307503,0.15009512351277804,0.14513406344425542,0.45780053883479843,True,0.0,10.991088670964999,0.9914866052015887,0.9914866052015887,0.9914866052015887,0.44423594226682067,0.04278825144091306,0.01900807919680366,0.1513839145434151,0.059557560562429286,0.14513406344425542,1.0,2.0594626369082554,0.0004910427836201524,6.072971180588809e-05,0.45780053883479843,0.47485750926608816,optimizer_terminal,
C038,47,28,3.660342098563837,9.120276602406124,7.633020186535279,10.0,5.1568500464367135,0.8631886639512286,0.8608802651246352,7.822321876969676,3.0110615177018922,0.15039849667541724,0.16518681283761563,0.4244197612196204,True,0.0,10.224805900933456,0.9417967892118292,0.9374501332606563,0.9374501332606563,0.38493193773667117,0.0499486628855742,0.01922683559189983,0.1604335967741542,0.0652894870664672,0.16518681283761563,1.0,2.0082990223129906,0.00047700839199118627,5.975955763446445e-05,0.4244197612196204,0.4414767316509101,optimizer_terminal,
C038,47,29,0.1,6.1568374873175475,10.0,9.069823332247282,10.0,0.0,0.0,7.9,3.9034809131783925,0.15034778628799492,0.13429442972496713,0.47266210912570095,True,0.0,11.744831043738545,1.2741838065859852,1.1939282131667424,1.1939282131667424,0.49411150799726483,0.038516336990508014,0.019031365352910747,0.12592699010706562,0.05726175574395111,0.13429442972496713,1.0,0.369221557679178,0.0005697710517754228,3.979378293059627e-06,0.47266210912570095,0.4897190795569907,optimizer_terminal,
C038,47,30,10.0,7.876554357948766,8.663021544612112,9.819374879523417,0.3460271749602168,0.0,0.0,7.8763246512244,3.495710201425702,0.15001128483302997,0.14590709390229814,0.4527031943506543,True,0.0,11.02740834277213,0.9895918996032421,0.9857335037488663,0.9857335037488663,0.44382505244781684,0.04291296365809982,0.019045848346247413,0.15218239439211362,0.06008116658609848,0.14590709390229814,1.0,0.996129287126334,0.0005107345912141124,1.9605518648589814e-05,0.4527031943506543,0.46976016478194405,optimizer_terminal,
C038,47,31,6.134768356355824,6.585889607757773,7.267538477554261,8.768385679229587,0.1,1.0,1.0,7.872814409663742,3.016511116733195,0.15012651617462514,0.16457133280060404,0.4266647643793176,True,0.0,10.287821076682159,0.9650926527498584,0.9628471001790401,0.9628471001790401,0.3831553698294323,0.049768262195966424,0.01906897690746367,0.15591937302060663,0.0650348084086712,0.16457133280060404,1.0,2.1823653529005442,0.0004884249193869546,6.641625382202898e-05,0.4266647643793176,0.44372173481060734,optimizer_terminal,
C038,47,32,0.41154598693954947,7.067398369328523,9.674960466975378,10.0,10.0,0.2351651725103598,0.17262152402805442,7.879527730472238,3.8783487638890155,0.15,0.13454008294092992,0.46613868390922575,True,0.0,11.650846433122004,1.0541334812929308,0.9050824787283487,0.9050824787283487,0.4922057382818015,0.038676253511968184,0.019036673913832416,0.16573075219702818,0.057187575916993534,0.13454008294092992,1.0,1.0839004402403956,0.0006047548896126112,1.775012654855259e-05,0.46613868390922575,0.4831956543405155,optimizer_terminal,
C038,47,33,5.733529180648174,7.958330087051146,9.562090401220813,9.819745868701002,7.527134026583081,0.4375862406051222,0.42210113034071195,7.864342022216207,3.1576508555418785,0.15000563189035726,0.15909147754200478,0.43589533607135256,True,0.0,10.608288521176183,1.0770810435889768,0.9953492844701015,0.9953492844701015,0.40151494513104075,0.047505452234241734,0.019074149047256846,0.15070652506694313,0.06408057307352132,0.15909147754200478,1.0,1.5195437489549224,0.000474065334369609,1.8341714230920825e-05,0.43589533607135256,0.4529523065026423,optimizer_terminal,
C038,47,34,3.9335536037544685,6.930414756726812,10.0,9.97115415810586,10.0,0.0,0.0,7.9,4.0,0.15,0.13162592144800875,0.4743674321994452,True,0.0,11.929194118380508,0.9326980629943002,0.9061822878402463,0.9061822878402463,0.5063291139240506,0.0375,0.018987341772151896,0.16552960923293167,0.05662592144800874,0.13162592144800875,1.0,0.76847156201282,0.0005722111177280048,1.6018390155193998e-05,0.4743674321994452,0.49142440263073495,optimizer_terminal,
C038,47,35,0.11632808900020278,8.909658974439512,9.949709599490559,9.953194071128303,10.0,0.0034520332586988694,0.06340757532034569,7.883378119862457,3.9109523217428395,0.15114522947303163,0.13434775498254684,0.46905470017149903,True,0.0,11.638309514037894,1.005521181779445,1.0350206267537347,1.005521181779445,0.496101070160399,0.038646656118189834,0.019172647458354907,0.1503153113150275,0.05705444274616717,0.13434775498254684,1.0,0.7602657450367591,0.000590304684153517,1.0966618786388189e-05,0.46905470017149903,0.48611167060278876,optimizer_terminal,
C038,83,0,0.2739540821006512,10.0,10.0,10.0,9.522806712158937,0.0,0.0,7.897108933000762,4.0,0.15,0.13081096410564874,0.4770340384480346,True,0.0,11.753207018616093,0.9458962947950078,0.9458962947950078,0.9458962947950078,0.50651447687199,0.0375,0.018994292882699625,0.15857975216247952,0.05581096410564873,0.13081096410564874,1.0,0.9556650643220806,0.0005883691144585518,1.5443058576197232e-05,0.4770340384480346,0.49409100887932433,optimizer_terminal,
C038,83,1,5.420390118677006,9.267537078351747,7.077946154797447,10.0,5.150627586975913,1.0,1.0,7.868884497436118,2.2,0.15064883253673628,0.21765124901034905,0.3628791385336246,True,0.0,9.27324186237092,1.04414151411225,1.044141514112017,1.044141514112017,0.27958219500067844,0.06847674206215285,0.019144877852231977,0.14428009086953558,0.08069776488604337,0.21765124901034905,1.0,2.1241488258579806,0.0004933656159530243,4.861219390878244e-05,0.3628791385336246,0.3799361089649143,optimizer_terminal,
C038,83,2,0.1,10.0,9.390732259891779,9.715700945904505,10.0,0.0,0.0,7.9,3.189125590870958,0.15,0.1570183957768212,0.43946919785913446,True,0.0,10.57290623502655,1.124562118638335,1.124562118638292,1.124562118638292,0.40368678365455163,0.0470348362665249,0.018987341772151896,0.13338525059125392,0.0629487232437714,0.1570183957768212,1.0,0.5099964126754857,0.0004695211842447905,3.7944064467512936e-06,0.43946919785913446,0.4565261682904242,optimizer_terminal,
C038,83,3,1.16065424276978,9.310799679504019,7.896213059669305,10.0,7.884425639982233,1.0,1.0,7.872191209035209,3.1504046728438238,0.15090992990367266,0.15944347332210632,0.4308791128696409,True,0.0,10.45861091023731,0.9388384087027302,0.9388384087025337,0.9388384087025337,0.40019412501413665,0.047901760432398195,0.01917000310288039,0.1607411121070652,0.0636399524573099,0.15944347332210632,1.0,1.8741286803796535,0.00048207853141368285,6.631140503256804e-05,0.4308791128696409,0.44793608330093065,optimizer_terminal,
C038,83,4,0.1,9.737280944028758,10.0,10.0,10.0,0.0,0.0,7.864150549914905,3.5512498444496714,0.15,0.14394361688035262,0.4626068912974411,True,0.0,11.071662159602347,1.0975231969393326,1.0974727065369314,1.0974727065369314,0.45157449897600166,0.04223865021337161,0.01907389730752587,0.13667765868485615,0.05946631645360939,0.14394361688035262,1.0,0.9742842278344616,0.0005318521905467507,5.627890289599873e-06,0.4626068912974411,0.4796638617287308,optimizer_terminal,
C038,83,6,2.4546427601001057,7.414482210669627,6.200045864670351,9.242383404846302,5.377807678870582,0.9647693095694951,0.97924614988157,7.890024484274467,2.579774887659433,0.15121110460159742,0.18943452404552277,0.3928977715960798,True,0.0,9.719682499015804,0.9509610152525447,0.9855211760803828,0.9509610152525447,0.3269666517260064,0.058614069516269914,0.019164846053770154,0.1590087313531361,0.07220638501298295,0.18943452404552277,1.0,2.073282693395856,0.0004760548671705072,6.134941437726358e-05,0.3928977715960798,0.40995474202736953,optimizer_terminal,
C038,83,7,4.461937840457846,10.0,9.659736564615574,10.0,9.77766890360697,1.0,1.0,7.9,2.9716759708497316,0.15,0.16706333088866082,0.42006845548636235,True,0.0,10.346792529962757,1.018202724995883,1.0182027249957089,1.0182027249957089,0.37616151529743436,0.05047656658108268,0.018987341772151896,0.14731840361223955,0.06611019772649544,0.16706333088866082,1.0,1.6407957037973164,0.00046981580940626873,4.9973071874352286e-05,0.42006845548636235,0.4371254259176521,optimizer_terminal,
C038,83,8,4.006191524385999,9.9636503474946,9.779643628517295,9.942759448731035,8.658761468560732,0.0,0.0,7.9,3.3340566519919377,0.15011425596947306,0.1517587206724029,0.4441767269337468,True,0.0,10.82758532968506,0.9990962316095342,0.9990962316095298,0.9990962316095298,0.42203248759391615,0.04502450667111102,0.019001804553097856,0.15025004721281066,0.061709707330180864,0.1517587206724029,1.0,0.8362590420862615,0.00048595233971166895,7.380422221491418e-06,0.4441767269337468,0.46123369736503655,optimizer_terminal,
C038,83,9,3.518037169809875,6.9286603191178235,6.670098133953178,9.517468560271924,6.264276358537101,0.9230838329069107,0.9180665882890202,7.890694828840965,2.6405210114419333,0.150737055166455,0.18548374921508753,0.39937509962608375,True,0.0,9.856998263847867,0.9740097151131302,0.9522764446675693,0.9522764446675693,0.33463732519355205,0.05708610327783025,0.019103140906615978,0.15829127771723459,0.07131154265942703,0.18548374921508753,1.0,2.160605096116787,0.0004715612577389166,5.397140683579406e-05,0.39937509962608375,0.4164320700573735,optimizer_terminal,
C038,83,10,0.14825049129039325,10.0,10.0,9.86827160811404,10.0,0.0,0.0,7.9,3.893148926758124,0.15,0.13364986848877283,0.4672727709648153,True,0.0,11.603459015604008,1.0015156727398618,1.0015156727398742,1.0015156727398618,0.49280366161495237,0.03852922218542175,0.018987341772151896,0.14977299315710427,0.05659142411792936,0.13364986848877283,1.0,0.9587300400442756,0.0005736445841445898,1.221102128876485e-05,0.4672727709648153,0.484329741396105,optimizer_terminal,
C038,83,11,2.4381665403205273,10.0,10.0,10.0,10.0,1.0,1.0,7.9,3.4898803988644556,0.15,0.14607793620970455,0.4573170728218451,True,0.0,11.049178384333867,0.9934812731869942,0.9934812731868448,0.9934812731868448,0.441757012514488,0.042981415652183184,0.018987341772151896,0.15098422491531893,0.06011510490533819,0.14607793620970455,1.0,1.8966276888928626,0.0004926075093086203,5.1849466173130315e-05,0.4573170728218451,0.4743740432531348,optimizer_terminal,
C038,83,12,2.4921100853605145,9.823918582432357,7.22003058064424,9.530021364985998,7.187433663606877,1.0,1.0,7.887435244523134,2.5362631323230116,0.15004540910137207,0.19086367637803903,0.3883421676066093,True,0.0,9.671783725102316,0.9814048199398857,0.9814048199396592,0.9814048199396592,0.321557395236194,0.0591600324071827,0.01902334592294249,0.15288839636083862,0.0725436115636736,0.19086367637803903,1.0,1.7135848932624087,0.0004615495423092135,5.405706676432235e-05,0.3883421676066093,0.405399138037899,optimizer_terminal,
C038,83,13,1.0174660787108434,8.4094836752672,7.390824630851564,10.0,7.516591516543918,1.0,1.0,7.878389724411895,2.419718658891321,0.150834808243974,0.20001495096898467,0.3820465547465205,True,0.0,9.522414297125922,1.1961456502751526,1.1957340596650907,1.1957340596650907,0.30713365846749197,0.062335680096414284,0.01914538548107094,0.12614410957418143,0.07534359077615611,0.20001495096898467,1.0,2.05622425164338,0.00046788639327550313,5.039031192962364e-05,0.3820465547465205,0.3991035251778102,optimizer_terminal,
C038,83,14,6.579007857005377,9.625589885690639,10.0,10.0,6.3761428650138985,0.908241570446696,0.922681329121777,7.872401082774007,3.0325413090614988,0.15057829896599859,0.16488208079182182,0.4289059046431761,True,0.0,10.396367191629247,1.0488874285735044,1.1174770312810363,1.0488874285735044,0.3852117387282456,0.049654162505901385,0.019127366273993137,0.14356001880086058,0.06557375578001905,0.16488208079182182,1.0,1.7850642198466393,0.00047353828043834406,4.604849779498566e-05,0.4289059046431761,0.4459628750744658,optimizer_terminal,
C038,83,15,10.0,10.0,10.0,9.745319258046452,0.1,0.0,0.0,7.9,4.0,0.15069959091984514,0.13146601794241813,0.4720125783798158,True,0.0,11.766937253267242,0.9830348749550303,0.9830348749549762,0.9830348749549762,0.5063291139240506,0.037674897729961285,0.019075897584790523,0.15330035053613666,0.05611622248249555,0.13146601794241813,1.0,1.4134975152713212,0.0005826600279623661,3.02648399725277e-05,0.4720125783798158,0.48906954881110554,optimizer_terminal,
C038,83,16,0.1,10.0,7.153312203711264,10.0,10.0,1.0,1.0,7.8983425271279755,2.2323899578621678,0.15,0.21367154383789083,0.3670294887575124,True,0.0,9.3199498623537,1.0407885380365416,1.0407885380364386,1.0407885380364386,0.2826403071523815,0.067192561708012,0.018991326279507854,0.1441214949224858,0.07928642042186686,0.21367154383789083,1.0,2.0362051702687,0.00046516164120627884,4.2966706611364806e-05,0.3670294887575124,0.38408645918880213,optimizer_terminal,
C038,83,17,0.39678411161901805,9.493896227523576,7.622636141766374,10.0,10.0,1.0,1.0,7.8653088161408995,2.4857227898851675,0.1501826053327605,0.1946344169995759,0.3854330550606039,True,0.0,9.60715750141937,1.03501178390033,1.0350117839001083,1.0350117839001083,0.316036261002754,0.060418082798242546,0.019094304984511385,0.1451023144556343,0.0737982514030908,0.1946344169995759,1.0,1.859548264974133,0.0004613332951555143,4.857841486063748e-05,0.3854330550606039,0.4024900254918936,optimizer_terminal,
C038,83,18,0.1,8.065639993812916,7.0014916111100325,10.0,9.547675979914064,1.0,1.0,7.89441678008141,2.714932169827796,0.15097079330174387,0.18110501029213438,0.4044305740194816,True,0.0,9.922024020326711,0.9408231019065345,0.9402072557383158,0.9402072557383158,0.3439053505102373,0.05560757464939528,0.019123742450824467,0.1605718232659151,0.06988986099334382,0.18110501029213438,1.0,2.0345860236930573,0.0004718289286330593,6.063933722139746e-05,0.4044305740194816,0.42148754445077136,optimizer_terminal,
C038,83,19,1.9366918884375546,10.0,8.99407082352107,9.912526782535688,7.313833457066545,1.0,1.0,7.9,2.8484496278334346,0.15053351276851823,0.17318276253050802,0.41656033866692,True,0.0,10.088512761025727,1.2209613308429061,1.2209613308426128,1.2209613308426128,0.36056324402954865,0.052847524947462685,0.019054875033989647,0.12329097487848503,0.06748771263558262,0.17318276253050802,1.0,1.6431253155067291,0.00045548885441802547,5.3355976673137046e-05,0.41656033866692,0.4336173090982097,optimizer_terminal,
C038,83,20,2.747557105300919,8.061800696426728,7.365852386227364,8.571861920356213,4.826863299415623,0.9310406437973099,0.9593771190571143,7.879584096004941,2.814316193147806,0.15131265997285617,0.17590054843367683,0.4138668759056331,True,0.0,10.0199532310623,1.04337904095438,1.165992516222992,1.04337904095438,0.3571655761088588,0.05376533750588036,0.019203127744974992,0.14502175530998812,0.0683698734219161,0.17590054843367683,1.0,1.7686457738172148,0.0004633429879398903,5.3081849020326905e-05,0.4138668759056331,0.4309238463369228,optimizer_terminal,
C038,83,22,7.812569103038756,9.581827253160563,8.251580285036287,9.952043500529246,6.580057449983373,0.9103521993166619,0.9241293014415204,7.884208087916262,2.3961959133329214,0.1505134735825181,0.20197200902098447,0.3768709254903622,True,0.0,9.58264878220531,0.9447032301368145,0.9900268298899819,0.9447032301368145,0.3039234741920946,0.06281350900610026,0.019090499883330413,0.15932355133444429,0.07634499100878396,0.20197200902098447,1.0,1.9431392057086496,0.00046543579240361537,3.8024268371488315e-05,0.3768709254903622,0.39392789592165195,optimizer_terminal,
C038,83,23,3.1630173119104974,10.0,9.84233502448423,9.224920260352201,9.045855074844358,1.0,1.0,7.9,2.895588365062072,0.1506255528648573,0.1713712258791738,0.41984443630764484,True,0.0,10.225744601503658,1.2229425939091125,1.2252361048172964,1.2229425939091125,0.36653017279266736,0.05201897986685285,0.01906652567909586,0.12316649498925833,0.0673332661454681,0.1713712258791738,1.0,1.5087124640997842,0.0004578056282765971,4.325020119497072e-05,0.41984443630764484,0.4369014067389346,optimizer_terminal,
C038,83,24,3.6590723121078,9.063389910751324,6.934025127959063,9.786767918383433,7.932924466476328,1.0,1.0,7.867890084660942,2.3166364470385608,0.15040831211496333,0.2076451716004001,0.37450516904383374,True,0.0,9.42743713398204,0.9281698754097873,0.9281698754096933,0.9281698754096933,0.2944418925672363,0.06492529818704858,0.01911672767368674,0.16204825872911816,0.07779457522630295,0.2076451716004001,1.0,1.993998298464694,0.0004839505868805325,4.7981808321193746e-05,0.37450516904383374,0.39156213947512347,optimizer_terminal,
C038,83,25,4.400761147630833,10.0,7.89188269418946,9.823389826792154,5.291389285123416,0.9934262849683593,0.9949052669271662,7.876174043104595,2.6718492326848944,0.15091182771143033,0.1834875018638834,0.40156928042532475,True,0.0,9.834127110326436,1.0390022660646907,1.0402073935789335,1.0390022660646907,0.33923186791739773,0.05648216443701866,0.019160550145987453,0.14524687061850375,0.0705231729898461,0.1834875018638834,1.0,1.6631614212583836,0.0004693200691080021,5.743440742186396e-05,0.40156928042532475,0.4186262508566145,optimizer_terminal,
C038,83,26,3.3093389853266078,9.722983295023782,7.83584343090881,9.645186786700044,8.591680494607528,1.0,1.0,7.840435957310799,2.7391952594761935,0.15,0.17892319595661973,0.4079158161061017,True,0.0,9.936736987218744,0.906725657008162,0.9067256570079307,0.9067256570079307,0.3493677232223339,0.05476060878868634,0.019131589214772274,0.16543041309206938,0.06940197837924707,0.17892319595661973,1.0,1.6512286855731424,0.0004723439890459712,5.431108573677345e-05,0.4079158161061017,0.42497278653739146,optimizer_terminal,
C038,83,27,2.2485275442424864,10.0,7.117315980985553,9.820680495847624,9.209685658465931,1.0,1.0,7.868895199235498,2.2651537063676015,0.15045058716132728,0.2117986192589105,0.3700130613761997,True,0.0,9.354521434534416,0.9486778150210297,0.9486778150208613,0.9486778150208613,0.2878617199766077,0.06641959295671361,0.01911965826866576,0.15858976016849186,0.07895943334548326,0.2117986192589105,1.0,1.9425226656882593,0.0004769290034840442,4.419229012599515e-05,0.3700130613761997,0.38707003180748945,optimizer_terminal,
C038,83,28,3.391930920406742,9.3441942384082,7.209228056261271,9.02368945059606,5.148060155292145,1.0,1.0,7.866556890566934,2.4717659119289586,0.15188754215837036,0.19765038810652444,0.3847984590718872,True,0.0,9.569625668538837,1.1257925965338877,1.1257925965337665,1.1257925965337665,0.3142119158755389,0.06144899944826805,0.01930800784527524,0.13491609611399208,0.07475238920998831,0.19765038810652444,1.0,1.7277774542724966,0.0004726829967077373,5.268273877109871e-05,0.3847984590718872,0.40185542950317693,optimizer_terminal,
C038,83,29,2.0415257322079388,9.123158059368516,7.503229575074493,9.618048045721032,8.470010135931672,1.0,1.0,7.869147792756295,2.2888876278228856,0.1512224940462917,0.21093840893992816,0.3739050865123571,True,0.0,9.38585820435681,1.1346368014666006,1.1346368014664534,1.1346368014664534,0.290868552491777,0.06606811632344291,0.019217137360858182,0.13327832646609492,0.07880217629304236,0.21093840893992816,1.0,1.9668331598713527,0.0004769343418565021,4.131920693505515e-05,0.3739050865123571,0.39096205694364683,optimizer_terminal,
C038,83,30,1.3220418331674857,9.4498941193208,7.574941130451726,10.0,6.457142204967477,0.9944771999398873,0.9934450539987022,7.9,2.757289774699487,0.15013986335901333,0.17733918456019532,0.4102542147905523,True,0.0,9.928720697379896,1.0800413955420285,1.079558411199685,1.079558411199685,0.3490240221138591,0.05445197118441309,0.019005045994811814,0.13907525688412434,0.06843524219136912,0.17733918456019532,1.0,1.8149747848493132,0.0004566817312857482,6.265279102926274e-05,0.4102542147905523,0.427311185221842,optimizer_terminal,
C038,83,31,7.936853139023402,9.013197791426004,7.142833255206752,9.946808010540009,4.249765044452183,1.0,1.0,7.860732679637296,2.370146264048296,0.1506203294804889,0.2038656569078416,0.3754287892864714,True,0.0,9.495838565165263,0.9149283178620587,0.9149283178619462,0.9149283178619462,0.3015172199136096,0.06354895972674018,0.01916110566520864,0.16462527887700165,0.07676773745436126,0.2038656569078416,1.0,2.0364222433628067,0.0004967419801700507,5.29117161946481e-05,0.3754287892864714,0.3924857597177611,optimizer_terminal,
C038,83,32,5.722220818783893,10.0,6.469851770880364,10.0,4.2227568028860905,1.0,1.0,7.9,2.2,0.15,0.2164154403280246,0.3631044899835076,True,0.0,9.275335686007121,0.9078612675554946,0.9078612675552479,0.9078612675552479,0.27848101265822783,0.06818181818181818,0.018987341772151896,0.1652234822220475,0.08005180396438825,0.2164154403280246,1.0,2.1038205698437302,0.0004869834953121654,5.511063882573353e-05,0.3631044899835076,0.3801614604147973,optimizer_terminal,
C038,83,33,2.445112193430899,10.0,10.0,10.0,10.0,1.0,1.0,7.9,3.0374089641178217,0.15,0.1638423965010489,0.4290331855744678,True,0.0,10.409901828634505,1.1409571024907115,1.140957102490594,1.140957102490594,0.3844821473566863,0.049384196126373674,0.018987341772151896,0.13146857114309132,0.06507400424830155,0.1638423965010489,1.0,1.6590594616192482,0.00046214865477881614,4.889769074915613e-05,0.4290331855744678,0.4460901560057575,optimizer_terminal,
C038,83,34,1.5540670378518682,10.0,10.0,10.0,10.0,1.0,1.0,7.890406240998891,3.362949915596592,0.15,0.15049715087352852,0.4477058550647392,True,0.0,10.842174645614623,1.0726447089336784,1.0726447089335192,1.0726447089335192,0.42620744900592816,0.044603697279086536,0.01901042803355213,0.13984127153261963,0.061289756315355465,0.15049715087352852,1.0,1.8302758040141738,0.0004798610717634386,5.2187578419005e-05,0.4477058550647392,0.46476282549602893,optimizer_terminal,
C039,3,0,9.570756647498708,9.550785775758555,7.095988280791439,10.0,0.10126312411813626,0.06305256073207219,0.0,7.893463047340555,2.2,0.15,3394.6381728765164,0.3514913821915612,True,0.0,9.277834174633366,1.0887959860551346,1.0684696667059854,1.0684696667059854,0.2787116360468956,0.06818181818181818,0.019003066094106517,0.14038770090913216,0.08013968001396272,0.21650331637759906,1.0,5.06248308204085e-15,0.0002945822055469993,1.2054038023469648e-06,0.3514913821915612,0.3685483526228509,optimizer_terminal,
C039,3,1,0.1,0.1,10.0,0.1,10.0,0.21238126876917335,0.18643902684230076,5.202730350203146,4.0,0.20794419990339336,368.20218806280894,0.6421547436990862,True,0.0,10.790203982657687,1.0536127001540416,0.9281356322473844,0.9281356322473844,0.7688270832340591,0.05198604997584834,0.03996828317179151,0.22404505621649068,0.10781648206506374,0.2117885820167604,1.0,1.3040002157211146,0.0027158991239601684,9.686584192737276e-05,0.6421547436990862,0.6592117141303759,optimizer_terminal,
C039,3,2,6.645927350469869,9.166518291715002,6.8290433967132955,10.0,0.1,0.4023640498383172,0.37048671092712443,7.756754457014939,2.2,0.15,2852.8286594642373,0.36592069039635433,True,0.0,9.119938585188793,1.143529619310963,1.0501284165535105,1.0501284165535105,0.2836237774692477,0.06818181818181818,0.019337984827448702,0.14283967335375555,0.0801641972671113,0.21652783363074762,1.0,1.7352218615581112,0.0003505292884248438,1.987432149640288e-05,0.36592069039635433,0.38297766082764406,optimizer_terminal,
C039,3,3,10.0,8.86469436710561,6.9653805125165205,6.674434405895609,0.17587062113099344,0.025712318671268893,0.0,7.155950547453587,2.549228971430745,0.16157850184261838,1836.4259406806368,0.3998112359698684,True,0.0,9.16264406687856,0.9152919129710506,0.9146150072867547,0.9146150072867547,0.35623904253193545,0.06338328320187459,0.02257960012036631,0.1766628587496591,0.08115741716180529,0.20792398356555444,1.0,0.9657543287675917,0.0005445359803779339,1.3395466996622048e-05,0.3998112359698684,0.4168682064011581,optimizer_terminal,
C039,3,4,0.6279124563273644,10.0,5.669894600811906,8.321548653554638,5.525153315130971,1.0,1.0,7.9,2.2,0.15,2182.943504108777,0.3669595655972541,True,0.0,9.227687456155955,1.0191485953414865,1.019148595341263,1.019148595341263,0.27848101265822783,0.06818181818181818,0.018987341772151896,0.14718167761372652,0.07964057068028729,0.21600420704392365,1.0,1.9625033473880957,0.0004580970593685917,5.593384482134762e-05,0.3669595655972541,0.38401653602854385,optimizer_terminal,
C039,3,5,9.347850506289964,6.51899030151203,8.386695518207134,6.575563557633454,1.6742935330902622,0.024751807992682832,0.0048907124765005874,6.615359953558573,3.003866807429707,0.1764850828788335,1069.3074347137208,0.4797938704747818,True,0.0,9.469839049938916,0.9596200459526637,0.9367683939425404,0.9367683939425404,0.45407458226273073,0.05875263258754305,0.02667807709902431,0.18839777688919204,0.08410396082301443,0.20160922599810047,1.0,0.8627907656474686,0.0009351847443833811,3.981703305363518e-05,0.4797938704747818,0.4968508409060715,optimizer_terminal,
C039,3,6,0.6031923920980314,9.631678677959433,6.1756252187654,8.55992084810393,5.151676802141837,0.9886899486124597,1.0,7.9,2.255136235592004,0.15300423117032752,2132.9588205503064,0.371080399536514,True,0.0,9.28983891033923,0.9901857745655088,1.0193512671504024,0.9901857745655088,0.2854602829863296,0.06784700132768778,0.019367624198775635,0.15452073247312142,0.07978325479541662,0.2154772574507922,1.0,1.970459551197554,0.0004688323048552801,5.740353776669687e-05,0.371080399536514,0.38813736996780374,optimizer_terminal,
C039,3,7,10.0,3.302963218588567,9.337712486900793,10.0,0.1,0.09551265273792436,0.021350627884292265,7.9,2.9136693682185646,0.18495357255519262,1541.1311150686251,0.42337808560092727,True,0.0,10.432568640669372,1.719648314082829,1.1624861169089629,1.1624861169089629,0.36881890736943856,0.06347788619141587,0.02341184462723957,0.15910174742299893,0.08382751960209424,0.21078329198492599,1.0,1.108938729738389,0.0006488740576465948,3.063693443878407e-05,0.42337808560092727,0.440435056032217,optimizer_terminal,
C039,3,8,10.0,7.223788728779959,9.661762171737436,8.456237070037385,0.1,0.14053869502147098,0.0,7.178044175341547,2.6679779232577605,0.15596317274929083,1822.9996844666562,0.4210248390365283,True,0.0,9.374246836977397,1.3947878850599027,1.1722805677041606,1.1722805677041606,0.37168591584083027,0.058457445014706295,0.02172780898800609,0.13304253012974115,0.07634315220703079,0.1932580422364434,1.0,0.9398655179182062,0.000548546447111736,1.3035100635491939e-05,0.4210248390365283,0.43808180946781805,optimizer_terminal,
C039,3,9,10.0,8.696661610121257,7.40577464698465,10.0,0.1,0.13139187298283875,0.0755137068635591,7.61961604208013,2.2,0.15,3049.5346618279173,0.3577693690701453,True,0.0,9.065596342941861,1.1052046357122294,1.0586243960715433,1.0586243960715433,0.28872845926228685,0.06818181818181818,0.019686031313337737,0.14169331498181606,0.0811207334005607,0.21748436976419708,1.0,0.46660540042167886,0.00032791888300774105,3.4107125934326213e-06,0.3577693690701453,0.374826339501435,optimizer_terminal,
C039,3,10,0.1,8.589383766770647,8.794586702863121,3.712654497330838,10.0,0.0,0.13182497173872482,7.9,3.891321142329174,0.2042588482190983,966.0316742231735,0.5132827879038824,True,0.0,11.852092712595287,0.9496676348715513,1.23958170156823,0.9496676348715513,0.4925722964973637,0.052490874113987396,0.025855550407480794,0.215084562976315,0.07875021602077803,0.18373196424875282,1.0,0.6759737729677596,0.0010351627453666485,1.6607277812032546e-05,0.5132827879038824,0.5303397583351721,optimizer_terminal,
C039,3,11,0.1,6.528116355498515,10.0,8.313192837094064,10.0,0.04935604334257712,0.03628120189625276,7.838745481150119,3.382561445322276,0.19143331731279728,1261.8743264213253,0.4747791940417933,True,0.0,10.924611043392682,1.4745926949805108,1.3632821339097385,1.3632821339097385,0.4315182133998792,0.05659418769096694,0.02442142276122349,0.14042090962036466,0.07887352502097843,0.19206190040291232,1.0,0.9166432300363142,0.0007924719435698476,1.5906634588452167e-05,0.4747791940417933,0.49183616447308304,optimizer_terminal,
C039,3,12,10.0,1.2688090185795593,9.67171791140959,2.337744845607901,0.1,0.033963529696160406,0.0,5.464262712770978,3.9985710599973467,0.17838986676402516,655.098063751816,0.5692796973356612,True,0.0,10.694292264166519,1.0157531570430374,0.9037015531769302,0.9037015531769302,0.7317677187540704,0.044613404160471146,0.032646648988361324,0.19739909280547543,0.08731439318910689,0.1765412015100492,1.0,1.4290329153877595,0.0015264890179538834,4.2837550343207025e-05,0.5692796973356612,0.5863366677669509,optimizer_terminal,
C039,3,13,0.1,0.1,10.0,10.0,10.0,0.06864853055730524,0.23350826172724498,6.56969601177266,3.715575031269969,0.18930849281029863,729.085993372889,0.5515708181698344,True,0.0,10.7419110928079,0.9374508345130523,1.1040164171663371,0.9374508345130523,0.5655627025378026,0.050949985188589696,0.028815411317519805,0.2019396493562595,0.08330677859294669,0.1852067489701261,1.0,1.80171856001846,0.0013715803198657156,8.961866358249547e-05,0.5515708181698344,0.5686277886011242,optimizer_terminal,
C039,3,14,6.018387493886377,7.407564388458042,7.848131479655812,1.105230441651654,4.472793799013028,0.03645004037854801,0.0,7.033897882999005,2.739847270688889,0.173982613952064,1310.5819368219552,0.44778405258355225,True,0.0,9.649290460433317,0.9385841107840484,1.5078184294113808,0.9385841107840484,0.3895204787250501,0.06350084393876414,0.024734879130472103,0.18536709917955804,0.08711216708573138,0.21411385496325963,1.0,1.3187055150261928,0.0007630198249373947,2.2516904954636498e-05,0.44778405258355225,0.464841023014842,optimizer_terminal,
C039,3,15,6.335005116147727,8.128332488754022,7.568910115974376,1.0148694594858654,2.2900343442993734,0.04598280965232576,0.00466549666188048,7.254040551363688,2.710460717104504,0.1714011112229905,1438.7402238588736,0.44205070691022563,True,0.0,9.75514836119809,0.9907345073351128,1.705846455261766,0.9907345073351128,0.3736484098637916,0.06323689184696714,0.023628364083347838,0.17300407925027952,0.0850402279254193,0.21151401161935357,1.0,1.2933806946918645,0.0006950525073372039,2.692940049953252e-05,0.44205070691022563,0.45910767734151536,optimizer_terminal,
C039,3,16,0.1,10.0,7.038830763280021,2.0099570140281493,10.0,0.16841989980622388,0.04239232034183934,7.882451252840751,3.400248496416903,0.18402207251898625,1307.8590777933223,0.4655591420067262,True,0.0,11.119668212588511,1.002500409847901,0.9543138617867221,0.9543138617867221,0.4313694290455003,0.05412018348450242,0.02334579264954752,0.19283181339779493,0.07634661663593512,0.18458698360493994,1.0,0.844768066403561,0.0007646083717882238,2.688868567766158e-05,0.4655591420067262,0.48261611243801594,optimizer_terminal,
C039,3,17,0.10226473750859295,10.0,7.261280927885512,10.0,10.0,0.018106862308906842,0.003093928608532877,7.812556095971796,2.2,0.15,3253.6291454416414,0.3544285049456809,True,0.0,9.210685260234774,1.057799966208053,1.0577999662080908,1.057799966208053,0.28159797804643405,0.06818181818181818,0.01919986213952959,0.14180374814882277,0.08038358509413858,0.21674722145777495,1.0,0.543571697993224,0.0003073491032009617,1.8421335595411668e-06,0.3544285049456809,0.37148547537697063,optimizer_terminal,
C039,3,18,10.0,2.9264427999540663,10.0,0.1,0.1,0.027268893468543158,0.003940723725974406,5.497182835970206,3.788177340016273,0.1868715875462964,590.701561867587,0.5869564892335783,True,0.0,10.415928200005624,0.9292927601616316,1.1218158326797318,0.9292927601616316,0.6891124878053454,0.04933021101527777,0.03399406443670072,0.20109011450147732,0.09346968280991784,0.1921301048404734,1.0,1.3970754700328651,0.0016929022446433995,2.0583595724557733e-05,0.5869564892335783,0.6040134596648681,optimizer_terminal,
C039,3,19,8.290644001143955,5.223198765789934,9.410455639186875,2.524535740916561,0.1,0.057076766516293204,0.0,6.580143160635199,4.0,0.19037826758148502,804.8015367486706,0.544353398114787,True,0.0,11.197289564940972,0.9966722907145092,1.0560109136858669,0.9966722907145092,0.6078895097494914,0.047594566895371254,0.028932237936766605,0.19101390633124135,0.0809906614849365,0.176179795275679,1.0,1.1610833060939618,0.001242542359001841,2.991159044331752e-05,0.544353398114787,0.5614103685460767,optimizer_terminal,
C039,3,20,1.3590979702767312,0.1,9.585270365950771,0.19446083999099395,8.329515354639188,0.0,0.06137536795386563,5.67739842586422,4.0,0.19842265790623623,521.3727322203858,0.6185580923527205,True,0.0,11.130264496412938,1.0430689003969196,1.1320959657503558,1.0430689003969196,0.7045480517586038,0.04960566447655906,0.034949574263150665,0.1902296749819023,0.0972495013964733,0.19646083034959144,1.0,1.2391542168023528,0.0019180136171319695,5.326027301724772e-05,0.6185580923527205,0.6356150627840103,optimizer_terminal,
C039,3,21,0.1,8.35937691190642,10.0,3.711242787542144,10.0,0.0665013080168746,0.0,7.763034771080335,3.591883933584258,0.22017297529298027,884.4733640134195,0.5322411858651356,True,0.0,11.293856697272156,1.3343939828161173,1.5199021948615035,1.3343939828161173,0.4626906924293471,0.06129735241006932,0.02836171443070068,0.16499847730752293,0.08917691784925136,0.21177162266938998,1.0,0.8914710665213771,0.001130616297434173,1.3749938196493679e-05,0.5322411858651356,0.5492981562964253,optimizer_terminal,
C039,3,22,0.17737906413055327,0.9766421109556083,9.63832826640354,0.1,10.0,0.009060767220521897,0.0,5.955156939725588,4.0,0.22076877042235815,500.29610650719826,0.630033590421652,True,0.0,11.259720903062185,1.0739512736787111,1.1572274732249448,1.0739512736787111,0.6716867482226789,0.05519219260558954,0.03707186437852822,0.20556684072466075,0.10435471156460016,0.21473909677577924,1.0,1.0234112067188033,0.001998816274988564,3.991891961135484e-05,0.630033590421652,0.6470905608529417,optimizer_terminal,
C039,3,23,10.0,6.381102422535585,9.922447169792576,5.79456429018497,0.1,0.02069027927681433,0.0,7.046617845919713,3.345049652344795,0.19817188083198506,925.5346182921701,0.5309603994136058,True,0.0,10.342476469675818,1.2853456406308585,1.2875025784138696,1.2853456406308585,0.47470286107280796,0.05924333012308849,0.028122978308910973,0.15417789158620449,0.08695274260375441,0.20543940284993137,1.0,1.0353498702208805,0.0010804566141947626,3.278940098985128e-05,0.5309603994136058,0.5480173698448956,optimizer_terminal,
C039,3,24,3.0894925244058267,4.938934952543709,8.623707715207475,4.292023065606819,5.454193411785285,0.010141002803215105,0.07857214864826675,6.716649690835437,3.009659149357658,0.18552935937009812,957.0275959869891,0.5150845682991843,True,0.0,9.635704290947324,1.233855671544545,1.4550271209130072,1.233855671544545,0.4480893433320188,0.06164464152350776,0.02762230694020629,0.15036552787235788,0.08843539028876927,0.21172467333578482,1.0,1.0490216518487303,0.0010449019486932277,1.2603785722421983e-05,0.5150845682991843,0.532141538730474,optimizer_terminal,
C039,3,25,0.1,6.925674865567205,10.0,0.1,10.0,0.0,0.0,6.729992754146655,4.0,0.22639654057439448,568.6454495195084,0.6003994707194752,True,0.0,11.487704685318153,0.9530907325491127,1.4593314778068835,0.9530907325491127,0.5943542803274815,0.05659913514359862,0.033639938235431426,0.2375393368571321,0.09661141902024471,0.20980968930744198,1.0,0.9998599701778571,0.0017585650264940584,3.45844649950049e-05,0.6003994707194752,0.6174564411507649,optimizer_terminal,
C039,3,26,0.8430690617692154,0.1,9.813855243352782,0.1,10.0,0.0,0.02468391066467822,5.46686588501201,4.0,0.20915643952788016,450.51987774452857,0.6364516561837723,True,0.0,10.986820218201201,0.97806354723191,1.0099560227400475,0.97806354723191,0.7316806528885997,0.05228910988197004,0.03825893005740357,0.21384749500155614,0.10508599657035679,0.20966421633429688,1.0,1.247196658137586,0.0022196578872532217,4.385904623556916e-05,0.6364516561837723,0.653508626615062,optimizer_terminal,
C039,3,27,0.1,1.808257980118415,9.38998162721434,0.1,10.0,0.0,0.10252708068379413,6.072654165130786,4.0,0.20632560311656747,552.9756703633068,0.6092005274135803,True,0.0,11.279886775283428,0.9416516336709385,1.329536723829632,0.9416516336709385,0.658690564492874,0.05158140077914187,0.033976181996546125,0.21911033309869268,0.09581187149436589,0.19897467305264963,1.0,1.3528078387981635,0.0018083978257904128,5.872957662711072e-05,0.6092005274135803,0.6262574978448701,optimizer_terminal,
C039,3,28,9.42935476181916,5.257774595500602,10.0,7.128749914061016,0.6054794367304974,0.14276397141872849,0.06282649990229472,6.719049142420905,2.5926055798459533,0.16246159189762507,1425.0766770279686,0.44417154554533855,True,0.0,8.990475694804639,1.6214057916512246,1.2152713553058159,1.2152713553058159,0.38585899952382624,0.06266344297047997,0.02417925341130775,0.13368338781978661,0.08384730473572492,0.20917419067668494,1.0,1.031963014172173,0.0007017166276873774,1.5915599957620086e-05,0.44417154554533855,0.4612285159766283,optimizer_terminal,
C039,3,29,10.0,4.515146659997553,10.0,4.182031863909313,0.5670609479500772,0.0,0.0,6.22240851195197,3.740727162232353,0.21792607616633689,601.5728206907035,0.5768029821533364,True,0.0,10.516264163347222,1.034962990037984,1.0522215227101088,1.034962990037984,0.6011702952397264,0.05825767737529544,0.035022785107687096,0.2105641247696585,0.09845916153606481,0.2149745162866557,1.0,1.5718769800090964,0.0016623091429759699,5.514696016842269e-05,0.5768029821533364,0.5938599525846261,optimizer_terminal,
C039,3,30,10.0,4.774059531573677,9.859490125502381,2.061128586227513,0.1,0.029805687449137197,0.005955668034491735,6.699230487601215,3.979542590055258,0.19808679647805288,784.7746493037876,0.5488168129847233,True,0.0,11.343337122110018,1.124587374554725,1.2994596223576722,1.124587374554725,0.5940298064711321,0.04977627252264245,0.02956858953347962,0.17614175737699742,0.0842826711144448,0.1838352161597297,1.0,1.2518229686531168,0.001274251150807623,2.502897841897809e-05,0.5488168129847233,0.565873783416013,optimizer_terminal,
C039,3,31,0.1,0.1,10.0,0.1,10.0,0.0,0.0,5.3447619422996295,4.0,0.21300548877564973,417.23489059119055,0.6413084426180432,True,0.0,10.894711991229185,1.0199023152787243,1.0199023152786693,1.0199023152786693,0.7483962884002586,0.05325137219391243,0.0398531293021448,0.20884891188569363,0.10854709142402104,0.21504983581184592,1.0,1.282203600285278,0.0023967314875874236,5.537769985661777e-05,0.6413084426180432,0.6583654130493329,optimizer_terminal,
C039,3,32,2.583350236697706,6.250111327096318,10.0,6.642541979503758,6.389680002007225,0.1321767640854504,0.15629835200704345,6.853684870731254,3.873779183851749,0.2294964980668653,615.2867679092222,0.5743884910904693,True,0.0,10.98356365759564,0.904265874039436,0.9536329798562946,0.904265874039436,0.5652111611368026,0.0592435673730566,0.03348512550481172,0.25379316488156745,0.0949424296299162,0.21342956437602936,1.0,1.1909224871496442,0.001625258419578978,2.586209051551361e-05,0.5743884910904693,0.591445461521759,optimizer_terminal,
C039,3,33,0.1,0.6286035085921129,9.24853955249989,0.2741421399597216,10.0,0.0,0.13392144167957126,5.804960017931748,3.991298799148247,0.19206944044251034,557.6209668444468,0.6032430944573128,True,0.0,11.149656191395806,0.908124673402199,1.2395173671486408,0.908124673402199,0.6875669749350503,0.048122039994474584,0.03308712546670439,0.21150118047441793,0.09242857823474826,0.18867265822369744,1.0,1.338003575647235,0.0017933328541409718,6.961438583846918e-05,0.6032430944573128,0.6203000648886026,optimizer_terminal,
C039,3,34,0.1,10.0,5.980633042921825,9.161889615785542,7.81609007701997,0.0,0.0,7.899911357465944,2.2,0.15,3315.610833983182,0.35386577383929946,True,0.0,9.24810165734254,0.9425197694590666,0.9425197694590551,0.9425197694590551,0.2784841374100803,0.06818181818181818,0.018987554823414566,0.1591478554196165,0.07981765328695571,0.21618128965059208,1.0,0.8233595555367865,0.0003016035506189543,3.200250051119534e-06,0.35386577383929946,0.3709227442705892,optimizer_terminal,
C039,3,35,10.0,10.0,7.343859212304505,10.0,0.1,0.12185706086761142,0.029561550815657985,7.9,2.2,0.15,3378.8873277784305,0.352398831676073,True,0.0,9.286796928333537,1.0896961239125211,1.0361161272029906,1.0361161272029906,0.27848101265822783,0.06818181818181818,0.018987341772151896,0.14477141708519392,0.08015072147583603,0.21651435783947237,1.0,0.27360604705204067,0.00029595541460611103,2.817632860950591e-06,0.352398831676073,0.36945580210736273,optimizer_terminal,
C039,11,0,9.515457056026763,4.461754234039451,8.657073082143512,9.979810113428764,10.0,0.0,0.0,7.9,2.271728490541527,0.15329410201821803,3165.7737775803002,0.3579692587054875,True,0.0,9.653991343952237,1.1294320934903186,0.9605376747905703,0.9605376747905703,0.28756056842297806,0.06747905951634048,0.01940431671116684,0.15959197233116476,0.08246104512263151,0.21741916415531248,1.0,0.2759396062862493,0.0003158785403688356,1.0975029303521757e-06,0.3579692587054875,0.37502622913677724,optimizer_terminal,
C039,11,2,0.10309468646781011,10.0,6.865134936525359,9.681828286474992,9.671213269694467,0.0,0.0,7.868377609284661,2.2616511633896104,0.15340238480062862,3091.654506662571,0.35949068895125463,True,0.0,9.323235564370657,0.9887397772501556,0.9887397772501708,0.9887397772501556,0.28743551411676904,0.06782760634523295,0.01949606290115186,0.15514940162240193,0.0803688870978702,0.2160240997883361,1.0,0.6096653802384658,0.00032345140695539624,1.5838290867474899e-06,0.35949068895125463,0.37654765938254436,optimizer_terminal,
C039,11,3,0.1,9.017999064618412,5.884935151252406,5.672453479687864,10.0,0.09697567581040119,0.0,7.772867974791158,2.2,0.15,3163.810298636951,0.3587896938609133,True,0.0,9.250075906022392,1.010189826812848,0.9818484641532985,0.9818484641532985,0.28303581215260637,0.06818181818181818,0.019297896283132252,0.1527730657799146,0.08113954792978215,0.2175031842934185,1.0,0.4763626209583231,0.00031607457641528796,5.7652944605174875e-06,0.3587896938609133,0.37584666429220304,optimizer_terminal,
C039,11,6,9.93273172528339,5.973280050694116,7.208060168712084,5.550898121092988,0.14286690525535387,0.0,0.009227840611600856,6.463132100011387,2.44770850578475,0.15619944470338373,1501.3627438714668,0.42045601290812307,True,0.0,8.554986054414927,1.0276145599681432,1.05371633234837,1.0276145599681432,0.3787186255686214,0.06381456138843021,0.02416776298029071,0.15200197699439566,0.08446874894382307,0.2120978717206835,1.0,0.9410986918449626,0.0006660615524675701,1.4309240026624502e-05,0.42045601290812307,0.4375129833394128,optimizer_terminal,
C039,11,7,0.470379025812201,9.791851112081185,6.921435529353022,9.701840276745338,5.433002033969307,0.053936807065143706,0.0,7.882308131532978,2.2,0.15041286478203159,3218.8802445706674,0.3577408901608514,True,0.0,9.212193100181144,0.9561706484858714,0.9478138373285793,0.9478138373285793,0.2791060642756345,0.06836948399183253,0.019082337593516376,0.1586945229729621,0.07990462668832674,0.2166435946719918,1.0,0.8742844667490522,0.00031066704071601133,6.766520880654174e-06,0.3577408901608514,0.37479786059214115,optimizer_terminal,
C039,11,8,9.803056371470168,9.382236274977183,7.119294926907566,9.879935743892931,0.1,0.08775864190292146,0.0,7.880751855063014,2.2082425154212992,0.15097810850891238,3316.5084363259084,0.3518910122714324,True,0.0,9.283458151085306,1.086007235110414,1.0467903160053014,1.0467903160053014,0.28020708633308977,0.06837025709565601,0.01915783053261803,0.14422956173789037,0.08053957695910612,0.21728009115041813,1.0,0.11332290197978676,0.0003015219225879067,1.7380860152508917e-06,0.3518910122714324,0.3689479827027221,optimizer_terminal,
C039,11,9,4.980674297716104,0.1,10.0,0.1,4.627142275807997,0.16880620810729544,0.16386851515552894,5.133359991115018,4.0,0.1873650456167035,433.35861416950434,0.6258639342030125,True,0.0,10.739296871735664,0.9669182203531214,0.9479693510203795,0.9479693510203795,0.7792167326903483,0.046841261404175875,0.036499494666456446,0.19764884319838683,0.09799472722285207,0.1916772500312038,1.0,1.539083372902125,0.0023075576838743972,9.311623766373823e-05,0.6258639342030125,0.6429209046343022,optimizer_terminal,
C039,11,10,0.1,3.075935215273172,10.0,0.1,10.0,0.0,0.0,5.947546949129398,4.0,0.20832458067160106,541.8006932161325,0.6026735972708621,True,0.0,11.09409487747989,0.9861648979412291,1.24927686433951,0.9861648979412291,0.6725461831933113,0.052081145167900265,0.03502697539900809,0.21124720734484737,0.09714814708693746,0.20131043742273796,1.0,1.5790071884039412,0.001845697158606412,5.396221083121865e-05,0.6026735972708621,0.6197305677021518,optimizer_terminal,
C039,11,11,0.1,6.859620993479442,8.19918230300311,7.233717019262305,10.0,0.0400052859498576,0.08092194054614435,6.516966596895522,2.8494241008827617,0.16445410534677657,1183.7348426521685,0.470253188923193,True,0.0,9.119767229692249,0.9180954297095851,0.9505682705536035,0.9180954297095851,0.43723165655630913,0.057714857291979844,0.025234762661683324,0.17912528482883006,0.08076549977231694,0.19619521435627663,1.0,0.8140632455164157,0.0008447837843139693,1.85617926445879e-05,0.470253188923193,0.48731015935448274,optimizer_terminal,
C039,11,12,10.0,6.5987311974369485,7.545789625357347,8.03994890210592,0.20933233818117003,0.10182884380140839,0.0,7.663355465385811,2.8648953235706816,0.18235548634993645,1583.264194506709,0.4114472417491338,True,0.0,10.021962788548915,1.1016345078736267,1.0150227813437827,1.0150227813437827,0.3738434601541022,0.06365171001174887,0.023795775515517703,0.179656545352132,0.08324226535577231,0.21054568537927004,1.0,1.090859764488154,0.0006316065274952838,2.7873133690649414e-05,0.4114472417491338,0.4285042121804235,optimizer_terminal,
C039,11,13,7.971750283789554,3.0719925884400103,9.089105319276314,3.6726887464259725,0.1,0.15419429926826295,0.16225753776489016,5.891951439424913,3.768302856440763,0.18461808989440576,675.9423610868706,0.5528914010757392,True,0.0,10.360326921908113,0.9190662389758131,0.9159566325467273,0.9159566325467273,0.6395678741046397,0.04899237055186727,0.0313339462812045,0.20155767569594787,0.08614751510004826,0.1841322562037828,1.0,1.6558029647459311,0.0014794160827441946,4.762319399279477e-05,0.5528914010757392,0.5699483715070289,optimizer_terminal,
C039,11,14,0.1,10.0,6.55212596787242,8.387940201198056,10.0,0.0,0.03312324747734168,7.74685172915598,2.2,0.15,3176.267269240315,0.3579067661944978,True,0.0,9.169463359248498,0.9550320512623798,0.9630160025508226,0.9550320512623798,0.28398633108209625,0.06818181818181818,0.019362704391961107,0.15706279155943206,0.08070254929911241,0.21706618566274874,1.0,0.6766047618962411,0.0003148349667183944,7.126907357511428e-07,0.3579067661944978,0.3749637366257875,optimizer_terminal,
C039,11,15,0.1,0.7238221827524729,10.0,4.448161578790162,10.0,0.10120710965983216,0.19080094927038885,5.862787081350572,4.0,0.21190097962056437,489.72104984358754,0.607275183825199,True,0.0,10.881219448778761,0.984303872323846,1.0734747635762805,0.984303872323846,0.6822693617381967,0.05297524490514109,0.036143386529355274,0.21528004265622436,0.09832103011198723,0.2042715199222694,1.0,1.965904726601498,0.0020419787965401752,8.823976410996908e-05,0.607275183825199,0.6243321542564887,optimizer_terminal,
C039,11,16,6.329733851674782,6.872225374555315,7.044894745290223,10.0,1.0095539651475898,1.0,1.0,7.775574478580722,2.3850481996558903,0.15,2002.975342761519,0.3821924695366788,True,0.0,9.402666707405505,1.294355016715775,1.2877199362903218,1.2877199362903218,0.3067359468070112,0.0628918107489994,0.019291179116501696,0.11648495590751022,0.07605235300967804,0.20183597450767685,1.0,2.3784974550732176,0.0004992572692489023,5.730084148891651e-05,0.3821924695366788,0.3992494399679685,optimizer_terminal,
C039,11,17,10.0,0.1,10.0,0.1,0.1,0.0,0.0,5.074348412044725,4.0,0.20581524569671955,414.06659835185,0.6465797570338684,True,0.0,10.696606427352085,0.9614157212576526,0.9614157212575845,0.9614157212575845,0.7882785483364527,0.05145381142417989,0.04055993577583011,0.21407518219849986,0.10846341742818304,0.2113710402765428,1.0,0.8082754405203033,0.002415070435481631,5.361374289138005e-05,0.6465797570338684,0.6636367274651581,optimizer_terminal,
C039,11,18,0.1,5.828436656720133,9.75853121816262,3.8033453967400472,10.0,0.0,0.06753691057924659,6.50044254901549,4.0,0.2284426876232872,555.6137892137037,0.5898071335904786,True,0.0,11.093524676547611,0.942552148238953,1.1323756752505434,0.942552148238953,0.615342720105389,0.0571106719058218,0.03514263619757481,0.24236609937190776,0.09746392546418287,0.21168526927582648,1.0,1.038472164131421,0.0017998113427227659,3.2021998256069025e-05,0.5898071335904786,0.6068641040217684,optimizer_terminal,
C039,11,19,10.0,9.060786396549755,9.99960069012786,8.970670849254681,2.181622238543105,0.0,0.0,7.183728353562479,3.0403003381930933,0.1807217599715591,1252.3335700467585,0.44886837419532366,True,0.0,9.887416228325506,1.0444239743372756,1.0453147981085074,1.0444239743372756,0.42322039316608895,0.05944207475205077,0.025157098247170977,0.1730348636301972,0.08181385843429122,0.20069800793839276,1.0,0.9027561711444186,0.0007985092980959242,3.28838651225033e-05,0.44886837419532366,0.4659253446266134,optimizer_terminal,
C039,11,20,6.8540191142249505,10.0,7.032490965883226,4.255524524919405,4.24339930237078,0.0,0.0,7.9,2.655469796858393,0.17408146997568694,1991.1203930938448,0.39306395691138624,True,0.0,10.010555330412656,1.0087381054635107,1.10889253385301,1.0087381054635107,0.3361354173238472,0.06555580868652225,0.022035629110846448,0.17257350449321757,0.08306962659321235,0.21418124396625682,1.0,1.082100964802436,0.0005022298016074151,6.634232757470876e-06,0.39306395691138624,0.41012092734267597,optimizer_terminal,
C039,11,21,9.337756770747248,5.368326968225615,6.542429485631249,6.367586334339428,0.1,0.0895778015054517,0.020071700579054386,7.347984778085545,3.0960732933936908,0.18357609678240003,1290.4987367813828,0.44858437467807954,True,0.0,10.140208884404329,0.9653465780157451,0.9047872785144672,0.9047872785144672,0.42134998736352125,0.05929320122172471,0.02498318958551643,0.20289420634185534,0.08182453611042399,0.20041093855387337,1.0,0.9291193242633796,0.0007748942106631486,4.051481064154928e-05,0.44858437467807954,0.4656413451093693,optimizer_terminal,
C039,11,22,2.3925024608045655,7.980045706093465,7.431684612620107,5.936077126739722,6.2258176954037125,0.0,0.0,7.173621476677631,2.872247111061031,0.17831631190134395,1310.544837438781,0.43526470410663987,True,0.0,9.626705253593608,1.0772755912397332,1.1006564556496357,1.0772755912397332,0.4003901126368427,0.06208251066374038,0.024857223437433,0.16552525031792173,0.08331217830574808,0.20747719963322883,1.0,0.91003247941688,0.0007630414247820136,1.804743884274914e-05,0.43526470410663987,0.4523216745379296,optimizer_terminal,
C039,11,23,3.853469134851265,10.0,7.087927898216485,5.833150092166119,4.29160524831378,0.008583618479606953,0.0,7.9,2.815357833794344,0.17539189303112943,1809.192623010425,0.40660902890793993,True,0.0,10.092646741521143,1.1375800462138674,1.1576550761169706,1.1375800462138674,0.3563744093410562,0.062298259541220875,0.02220150544697841,0.15417982551194942,0.07958915521027105,0.2041856742927128,1.0,0.8846120080280327,0.0005527327423743523,1.1770673914445882e-05,0.40660902890793993,0.42366599933922966,optimizer_terminal,
C039,11,24,10.0,10.0,10.0,3.3632810468417165,0.1,0.0,0.0,7.13729411284752,3.180491502617744,0.20081011438378613,897.3394587750851,0.49509313748424155,True,0.0,10.203007298295073,1.091226891429711,1.4190255427861467,1.091226891429711,0.445615866788043,0.06313807605475658,0.028135328488469735,0.18402232932574397,0.0902580502640908,0.21653420237360396,1.0,1.4881242109358148,0.0011144054685448157,4.1735266857298065e-05,0.49509313748424155,0.5121501079155313,optimizer_terminal,
C039,11,25,10.0,3.8492842643979923,10.0,2.52277137008548,0.1,0.0,0.061808666283228564,5.864712515643248,4.0,0.20911460845259675,557.4136920763602,0.5688723962133504,True,0.0,10.811363223361509,0.9235969303820409,1.0893462521243036,0.9235969303820409,0.6820453669861217,0.052278652113149186,0.035656412466052625,0.22641327788529744,0.09637360660312254,0.20093091082942094,1.0,1.8497888745751154,0.0017939997065285756,4.730722826886299e-05,0.5688723962133504,0.5859293666446401,optimizer_terminal,
C039,11,26,5.280286893525657,10.0,7.004232175466026,10.0,2.504287823791022,0.23345364955222653,0.11749680278173881,7.9,2.2,0.1501210908558877,3228.0045490843922,0.3560286803769503,True,0.0,9.249394181691736,1.0895241948783074,0.9507689987504393,0.9507689987504393,0.27848101265822783,0.06823685947994895,0.01900266972859338,0.15789438975522585,0.07989235582920967,0.21636607478910758,1.0,0.9953968653682124,0.00030978890667413873,5.658275389926275e-06,0.3560286803769503,0.37308565080824,optimizer_terminal,
C039,11,27,10.0,0.1,9.830124071186628,9.0758087488068,0.1,0.07468074216170445,0.19005852006714374,6.808596161255464,4.0,0.20098654255105425,738.7293155127917,0.5482315436051157,True,0.0,11.428923753555347,1.104681621768835,1.042301076079303,1.042301076079303,0.5874926203968638,0.05024663563776356,0.029519527636956155,0.19282964122715948,0.08434410765093543,0.18483737892646257,1.0,2.3574720768647803,0.001353675803844127,0.0001418096861428076,0.5482315436051157,0.5652885140364055,optimizer_terminal,
C039,11,28,10.0,9.314952793670706,8.27359193171525,2.277246585901878,0.1,0.10158399302322407,0.0,7.9,4.0,0.23119835259717675,791.2019058028884,0.535062445753878,True,0.0,12.057349321568857,1.0451628618916413,1.1200901236411962,1.0451628618916413,0.5063291139240506,0.05779958814929419,0.029265614252807184,0.22120796770249818,0.08821643353909514,0.20381560983768351,1.0,1.7124146234418014,0.0012638998878361262,6.363125249264391e-05,0.535062445753878,0.5521194161851677,optimizer_terminal,
C039,11,29,10.0,9.695496505750013,9.462884664934636,2.523536523655818,0.1,0.033508506477069336,0.0,7.9,3.5263597653325967,0.2219764816904593,894.8680590057801,0.4970185375983456,True,0.0,11.349615972029003,1.1638808147684678,1.5491937054208749,1.1638808147684678,0.4463746538395692,0.06294776950233355,0.028098288821577125,0.19072097320773979,0.09043455824649176,0.21633009725115884,1.0,1.5984588020968669,0.0011174831752415256,4.676453752241107e-05,0.4970185375983456,0.5140755080296353,optimizer_terminal,
C039,11,30,10.0,6.701323071722184,7.4184704315341605,1.930291041930519,0.1,0.15062725117852505,0.0,7.9,3.78933290458927,0.23009039617620625,847.3358219768459,0.5186033403380479,True,0.0,11.79454716095771,1.1968319557514293,1.1284258527217461,1.1284258527217461,0.4796623929859835,0.060720554770351064,0.029125366604583067,0.20390386804877936,0.09065461352891407,0.2120957230696162,1.0,1.6125941822302357,0.0011801696258597761,5.084179729520259e-05,0.5186033403380479,0.5356603107693376,optimizer_terminal,
C039,11,31,8.580731376973915,10.0,7.114824098044924,10.0,0.1,1.0,1.0,7.9,2.2,0.15,2054.570780021716,0.36253949470820857,True,0.0,9.26389454753412,1.132256385839828,1.1322563858395707,1.1322563858395707,0.27848101265822783,0.06818181818181818,0.018987341772151896,0.13247882889066212,0.07995305996145673,0.21631669632509304,1.0,2.1493531114676503,0.00048671966413803974,5.542326407561541e-05,0.36253949470820857,0.3795964651394983,optimizer_terminal,
C039,11,32,10.0,0.1,10.0,0.1,0.1,0.6674469287560854,0.6376826971093912,5.906497686356386,4.0,0.21845714855929388,395.1152379042128,0.6484608870873088,True,0.0,11.313736104057735,1.3415649843632746,0.9434173336057862,0.9434173336057862,0.6772202771262794,0.05461428713982347,0.03698590267188545,0.23155939665040942,0.10461218560001896,0.21384075987966591,1.0,2.89754388447004,0.0025309071988826423,0.00021767217769139017,0.6484608870873088,0.6655178575185985,optimizer_terminal,
C039,11,33,6.4602546391663935,10.0,8.65595378060631,10.0,3.5886704633684277,1.0,1.0,7.698609436967288,2.2,0.15,2025.8128692164332,0.3706850206835376,True,0.0,9.127700568363048,1.3528952844351296,1.3528952844347473,1.3528952844347473,0.2857658929203513,0.06818181818181818,0.019484038153660312,0.11087332606283083,0.08083839369507843,0.21720203005871477,1.0,1.9683661592541368,0.0004936290094685751,4.203274783513258e-05,0.3706850206835376,0.3877419911148273,optimizer_terminal,
C039,11,34,10.0,8.698547255371691,6.777802244580542,10.0,0.1,0.040645723966059095,0.0,7.892697316033507,2.2,0.15,3414.9437952760973,0.35149731768155773,True,0.0,9.292262729603081,1.0367078171679416,1.026127464027036,1.026127464027036,0.27873867600761043,0.06818181818181818,0.01900490972779162,0.14618066980813982,0.08027209742864957,0.21663573379228593,1.0,0.20267765750545066,0.00029283058812953325,1.3145364463076751e-06,0.35149731768155773,0.36855428811284746,optimizer_terminal,
C039,11,35,10.0,0.1,10.0,0.1,0.1,0.105507406832766,0.10226850181960245,5.080887016060121,4.0,0.1868044991505621,456.73024166685,0.6384065497166316,True,0.0,10.701363984516687,0.966997143183985,0.9587486542874252,0.9587486542874252,0.7872641110413287,0.046701124787640526,0.03676611949057198,0.19484199358736165,0.098361906741711,0.19176415631699206,1.0,0.8042759615669413,0.002189476213246733,6.861877199413965e-05,0.6384065497166316,0.6554635201479213,optimizer_terminal,
C039,29,1,10.0,0.1,10.0,0.1,0.1,0.0,0.0,5.046975236726551,4.0,0.20772273260571955,402.77590035196636,0.6465243718485023,True,0.0,10.67670469491195,0.9553850713030707,0.9553850713030845,0.9553850713030707,0.7925539184128007,0.05193068315142989,0.04115786641751936,0.21742304631409193,0.10985759640312195,0.21371896270598176,1.0,0.8243822657816529,0.0024827701933659596,5.76505510853028e-05,0.6465243718485023,0.663581342279792,optimizer_terminal,
C039,29,2,9.152079832928669,9.448776342539126,8.522408866435255,2.577528364885058,1.6070022040484624,0.11575586466669363,0.06335897181643008,6.762697451654211,3.019175728921078,0.18627920804574047,945.9083467032478,0.48303282403321807,True,0.0,9.707584310923785,0.9308230068575073,1.0815244859065407,0.9308230068575073,0.44644548281286234,0.06169869685336552,0.0275451045056252,0.20012312402400315,0.08856603535201282,0.21196342905874385,1.0,1.410933498400523,0.0010571848778851319,4.702502902903516e-05,0.48303282403321807,0.5000897944645077,optimizer_terminal,
C039,29,3,10.0,0.1,10.0,10.0,0.1,0.0,0.2620298113074603,7.3763890019428455,4.0,0.20175595582837744,839.2596113380149,0.5400990020162482,True,0.0,11.738810812571332,0.9101799493266411,1.198673001232531,0.9101799493266411,0.5422707504913924,0.05043898895709436,0.02735158839579061,0.22166600788958074,0.08026878040037685,0.1811467583145656,1.0,2.3264463878430663,0.001191526419823444,0.00011442835362748775,0.5400990020162482,0.5571559724475379,optimizer_terminal,
C039,29,4,0.1,10.0,7.447299218887499,6.6860097017764994,10.0,0.2792379059001172,0.2712461240937287,7.9,2.948848841422359,0.1802518971198405,1669.4004792441701,0.41725505447016725,True,0.0,10.284805795768781,1.004368887198836,1.000883786956391,1.000883786956391,0.37327200524333654,0.0611261908673817,0.022816695837954492,0.18009273351102267,0.07957860786153367,0.20183098959629706,1.0,1.348626302156664,0.0005990174391544174,2.470934534070192e-05,0.41725505447016725,0.434312024901457,optimizer_terminal,
C039,29,5,5.543211965881422,6.188081522261659,8.302269908979255,3.643020022504086,4.8485543267619065,0.023898003095252852,0.10272174165059891,6.393137828992409,2.4702491091633227,0.1572847746194154,1382.930026898477,0.4422426425303751,True,0.0,8.622277379176927,1.0121881668897175,1.3783760768738138,1.0121881668897175,0.38639071692791055,0.06367162487215226,0.024602124782315896,0.15539084506660933,0.08587245035465187,0.2132157000989564,1.0,1.294905446774359,0.000723102384466059,1.3466719944632779e-05,0.4422426425303751,0.4592996129616648,optimizer_terminal,
C039,29,6,0.1,10.0,7.453999821015898,6.499778732384109,10.0,0.010435499788389657,0.06708646298919427,7.9,2.6326462871192007,0.17552217998435332,2003.4279375294575,0.3960659493820794,True,0.0,9.88092528120536,1.0801308201188806,1.1362308609371414,1.0801308201188806,0.33324636545812664,0.06667138720576861,0.02221799746637384,0.162500853336483,0.08338923992082414,0.2167320143323614,1.0,0.5368673287968808,0.000499144481948853,6.875763003623711e-06,0.3960659493820794,0.4131229198133691,optimizer_terminal,
C039,29,7,10.0,2.675917087211759,9.568410387718272,2.9676302185374763,0.1,0.014191586023035234,0.0007115546781638789,5.357764762568161,3.364956997574693,0.15899931995870864,804.2441002365267,0.5471279178188699,True,0.0,9.41498894250694,0.9689985600323212,0.9341241311330206,0.9341241311330206,0.6280523962313256,0.047251516163002404,0.02967642795173687,0.17021219628043943,0.08303322783027765,0.1775362601562825,1.0,1.4301596246579216,0.001243403588171678,3.355007970950222e-05,0.5471279178188699,0.5641848882501597,optimizer_terminal,
C039,29,8,3.3590867257319723,7.95501765575278,9.409677983151019,5.655137082144267,8.122557955461653,0.09276366313679696,0.0,7.456551212593476,2.7070744673038623,0.16685303364096857,1791.8755187487961,0.416945633956169,True,0.0,9.71718699557602,1.4527352073275255,1.388325255635461,1.388325255635461,0.3630464527262745,0.061635923080884995,0.022376703235024803,0.12018295638120981,0.08032235991491103,0.203594206076681,1.0,1.0375936174488134,0.0005580744809205636,9.479406288967242e-06,0.416945633956169,0.43400260438745875,optimizer_terminal,
C039,29,9,8.92953409561989,7.13173053764852,8.48544260033579,8.24093619741834,4.502237940379751,0.0,0.0,7.114524801334289,2.586795612563893,0.15844428472933075,1848.2412486397957,0.4080826325557543,True,0.0,9.25766508624749,1.0112402520246933,0.9986439178295912,0.9986439178295912,0.36359358984576934,0.061251180402416595,0.022270536564805484,0.1586594399670371,0.07970214879236248,0.2022045095971957,1.0,1.0326690455509033,0.0005410549086792351,1.2031420823143724e-05,0.4080826325557543,0.425139602987044,optimizer_terminal,
C039,29,11,10.0,0.1,10.0,0.1,0.1,0.08259161188221126,0.0,5.172309683068923,4.0,0.20348835132112103,435.81456705833364,0.6441633271779503,True,0.0,10.767919146900889,1.051858478233266,0.9169356387516565,0.9169356387516565,0.773348899253583,0.05087208783028026,0.039341873126278834,0.22192217503744988,0.10590752722785084,0.20765170288841137,1.0,0.8910336201169362,0.0022945538666819055,5.642894139031792e-05,0.6441633271779503,0.6612202976092401,optimizer_terminal,
C039,29,13,9.078411833823315,8.407164581175707,8.33422989974617,6.626884012795067,0.1,0.10966328120991321,0.10263223690312723,6.8420284969457885,2.3922585065168,0.15,1959.0038571041243,0.4058611647111829,True,0.0,8.71000727900336,1.2521449781611609,1.277263684632572,1.2521449781611609,0.34964170458873123,0.06270225378711454,0.021923322895681954,0.11979443484274695,0.07982093134214124,0.20522543891637032,1.0,1.1830677031711254,0.0005104635176564884,7.399910875254441e-06,0.4058611647111829,0.4229181351424726,optimizer_terminal,
C039,29,16,10.0,8.09695762473721,7.337531050549032,5.335428365727539,2.3894576824114306,0.04466796689558637,0.0,7.825797694210004,2.81923604629701,0.17114851986113047,1916.0097080029504,0.40630675142136496,True,0.0,10.171555572960052,1.0498313461333564,1.0489052151505753,1.0489052151505753,0.3602490322977363,0.06070741046530297,0.021869785873426865,0.1631687185734521,0.0789042629731128,0.20031908390371875,1.0,1.0319181418354204,0.0005219180236003586,8.187437497886205e-06,0.40630675142136496,0.4233637218526547,optimizer_terminal,
C039,29,17,10.0,9.30082046406589,7.202987951025026,10.0,0.1,0.08329853849958636,0.0,7.9,2.209059737836516,0.15016609933329178,3377.430349323227,0.35206147754761064,True,0.0,9.304790662829674,1.0977884637624868,1.0601754746363885,1.0601754746363885,0.2796278149160147,0.06797738275758887,0.019008367004214148,0.1416426836178178,0.08006522991979896,0.21601999543497669,1.0,0.1194261866624055,0.000296083085828959,1.6769637475700588e-06,0.35206147754761064,0.36911844797890037,optimizer_terminal,
C039,29,19,10.0,1.885366568513728,10.0,0.1,0.1,0.0,0.0,5.348151013050199,4.0,0.20759396568504473,465.46083257470616,0.6008952706927223,True,0.0,10.74415401511557,0.9259070704950729,1.0606706795705552,0.9259070704950729,0.7479220370254073,0.051898491421261184,0.03881602542233529,0.22420604864162705,0.10426133884805291,0.2080583216905753,1.0,1.2538888168290523,0.002148408480405278,5.150170034620536e-05,0.6008952706927223,0.617952241124012,optimizer_terminal,
C039,29,20,10.0,2.829856230178984,10.0,0.1,0.9618454079193919,0.016460768834909878,0.0,5.534886735543344,3.6882093766077952,0.19492965499528897,565.501272120421,0.5960321628239675,True,0.0,10.287940337483839,0.9011084753860084,1.092338281578156,0.9011084753860084,0.6663567933419932,0.05285211198464393,0.03521836386343925,0.21632207477771956,0.09823857303462127,0.20394279700390913,1.0,1.5260526328929056,0.0017683426179579916,2.5282817568012703e-05,0.5960321628239675,0.6130891332552573,optimizer_terminal,
C039,29,21,4.892258157111691,8.694475115870764,8.385300523668649,6.0737075058624335,4.013927302924031,0.0972192534684796,0.0,6.673001443865586,2.774920655872391,0.16900795229282875,1215.8234538454274,0.4501694200214145,True,0.0,9.102780076142492,1.086865854492489,1.028730818285513,1.028730818285513,0.4158429575080257,0.06090550803143427,0.025327126588320436,0.16428782854439813,0.0830824704144997,0.20489348647736821,1.0,1.1412937675798414,0.0008224878347569154,2.1398081649627178e-05,0.4501694200214145,0.46722639045270425,optimizer_terminal,
C039,29,22,10.0,6.696669612737406,10.0,1.6050859798676071,0.1,0.0,0.0,6.314527024819466,4.0,0.19117543683243832,716.0364236939045,0.5588151004483553,True,0.0,11.069754289211929,0.9203422095554031,1.1764180951851666,0.9203422095554031,0.6334599542100086,0.04779385920810958,0.030275495865488687,0.20772212210585334,0.08378557505375285,0.17937329346997202,1.0,1.5384698277821451,0.0013965769993112612,6.59838448437262e-05,0.5588151004483553,0.575872070879645,optimizer_terminal,
C039,29,23,10.0,10.0,9.825300739316734,2.9161754197766667,1.1873437307777364,0.0,0.0,7.187085367710323,2.957800033682452,0.18336026316246473,1147.265835129025,0.4611188079077645,True,0.0,9.95640463156235,1.0549375719426413,1.452477066459584,1.0549375719426413,0.4115437458098197,0.06199210936318158,0.025512464897975748,0.17381148234659172,0.08587883588483597,0.20986305461119917,1.0,1.4157945035753452,0.000871637565924324,3.168455553134814e-05,0.4611188079077645,0.4781757783390542,optimizer_terminal,
C039,29,24,8.359927072378731,4.374477975714419,7.335908841634067,2.365277207067555,0.2437541388679012,0.09602763395781458,0.1441656282364679,7.024303361164299,4.0,0.2046099627492104,780.8685587413011,0.5488346134217649,True,0.0,11.530403381487604,0.9763862535862233,1.2666108328898849,0.9763862535862233,0.569451487832238,0.0511524906873026,0.02912886192820916,0.2095584221896684,0.0839668820189771,0.18627186339358232,1.0,1.41303997792836,0.0012806252586375377,3.6407255277094614e-05,0.5488346134217649,0.5658915838530546,optimizer_terminal,
C039,29,25,10.0,7.397836439529365,8.676092838793384,7.140882071585813,0.1,0.0,0.0,7.008783177288068,3.0424791218833724,0.19344317987897075,1038.130168030875,0.4623785414720352,True,0.0,9.773276111706819,1.077290751682206,1.0828252932840274,1.077290751682206,0.4340951981140625,0.06358077479894898,0.02760010903259535,0.17956450436143287,0.08865910840557868,0.2158206580034766,1.0,1.0252915675457697,0.0009632703400738269,3.9318306167343125e-05,0.4623785414720352,0.47943551190332495,optimizer_terminal,
C039,29,26,10.0,0.1,10.0,0.1,0.1,0.0,0.0,4.8,3.8393200400884804,0.18109248374931539,463.9128523806956,0.6395776555848267,True,0.0,10.215720384039967,0.9071764221592739,0.9071764221592586,0.9071764221592586,0.7998583416851001,0.047167853124623065,0.03772760078110737,0.19962212346555436,0.10038616638262816,0.1947218726318743,1.0,0.5304211090098873,0.002155577270317532,3.320170181777102e-05,0.6395776555848267,0.6566346260161164,optimizer_terminal,
C039,29,27,9.596143221097295,4.56756385636301,8.917846833047065,2.3004440707658023,0.1,0.043039480394017525,0.033815628971773676,6.232707902766196,4.0,0.21048443922582838,618.4901256681802,0.5644892540632218,True,0.0,11.017125944563187,0.9550534458371597,1.0667487411095753,0.9550534458371597,0.6417756234372419,0.052621109806457095,0.03377094555199857,0.22039022019477306,0.09301469010333854,0.19825690971625273,1.0,1.6129037958181751,0.0016168406875043625,4.143834162067831e-05,0.5644892540632218,0.5815462244945115,optimizer_terminal,
C039,29,28,5.341351745158815,9.993478659049298,5.645970466771014,8.650916610749624,0.1,1.0,1.0,7.9,2.2,0.15,2115.3645381555834,0.36538518683050347,True,0.0,9.211656673628712,0.9671940556553585,0.9671940556553585,0.9671940556553585,0.27848101265822783,0.06818181818181818,0.018987341772151896,0.15508780179419307,0.0795022152499601,0.21586585161359645,1.0,2.056991863633146,0.00047273175944979884,6.99277380356005e-05,0.36538518683050347,0.3824421572617932,optimizer_terminal,
C039,29,29,10.0,10.0,6.697436304422378,10.0,0.1,0.04656710059778659,0.0,7.9,2.2,0.15,3412.1730534204767,0.3515841353017289,True,0.0,9.280015726001151,0.9504025962378232,0.9426965911214009,0.9426965911214009,0.27848101265822783,0.06818181818181818,0.018987341772151896,0.15911800404578202,0.08009219556387644,0.21645583192751278,1.0,0.17475842616793225,0.0002930683714876555,8.479846748482071e-07,0.3515841353017289,0.3686411057330186,optimizer_terminal,
C039,29,30,10.0,0.1,10.0,0.1,0.1,0.0,0.0,4.858925784566442,3.593460820818299,0.19411997942681514,435.2089788236464,0.6485366034471818,True,0.0,9.829811893614975,0.9283605536611996,0.9283605536615158,0.9283605536611996,0.7395586967457541,0.05402034114361384,0.0399512130939321,0.20909977127018067,0.10928542962259205,0.21732611190981974,1.0,1.142045825917813,0.0022977467117129857,5.400911125201654e-05,0.6485366034471818,0.6655935738784715,optimizer_terminal,
C039,29,31,6.198568161375455,10.0,8.466342725115972,4.305766694069813,0.7565700765724499,0.08165106209047575,0.0,7.9,3.3446824408711158,0.1548837824432422,1787.1996122910875,0.45818064805241676,True,0.0,10.885336036485837,1.0164977106237623,1.0013285038265551,1.0013285038265551,0.4233775241609007,0.04630747019525806,0.019605542081423063,0.15467829174077954,0.06380662962973879,0.15642157002025492,1.0,1.040358398350489,0.0005595345887066623,1.3201986401288516e-05,0.45818064805241676,0.4752376184837065,optimizer_terminal,
C039,29,33,10.0,10.0,9.253353993105298,3.2633727715938683,0.8638772272761812,0.0,0.0,7.175896977354213,3.567763009177151,0.19045064316645688,948.8068083208123,0.5155493190525069,True,0.0,10.823923769848943,0.9235811645069625,1.1018008153801138,0.9235811645069625,0.4971870444121958,0.053380968039797395,0.026540325727568752,0.206208886111407,0.08051837012807062,0.18728030620766542,1.0,1.4500123022920361,0.0010539553376200882,5.242765542004779e-05,0.5155493190525069,0.5326062894837966,optimizer_terminal,
C039,29,34,0.1,9.900761262062153,6.660491937684813,7.106866701663028,10.0,0.02824105459429008,0.09813421509332299,7.758555605415627,2.261057371348532,0.15240211274686832,3006.996580245909,0.3659610314472904,True,0.0,9.280615984807655,0.98795888586749,1.037446158958743,0.98795888586749,0.291427616987145,0.06740302775067276,0.019643103755096966,0.15425956983326253,0.08062604028134915,0.21543209578269468,1.0,0.5700504761120354,0.00033255774435174813,1.893888155981615e-06,0.3659610314472904,0.38301800187858015,optimizer_terminal,
C039,29,35,10.0,0.1,10.0,0.1,0.1,0.0,0.0,4.8,3.5762706479027466,0.15,650.6535361842009,0.6378908084204669,True,0.0,9.756417261077226,0.916418060827473,0.9164180608275159,0.916418060827473,0.7450563849797389,0.041943134278152404,0.03125,0.16368075489974368,0.08525306651146793,0.16913933506777273,1.0,0.6641626006656011,0.0015369162609405978,1.0879874585081182e-05,0.6378908084204669,0.6549477788517566,optimizer_terminal,
C039,47,3,9.032571686578851,10.0,6.818160492402087,9.045738127289072,0.10883002256321944,0.02467351169832308,0.0014869628307717707,7.8604242907259785,2.2,0.15,3361.8845395665394,0.3533043434917341,True,0.0,9.244399082760877,1.0759748170936407,1.0759748170936243,1.0759748170936243,0.2798831104569816,0.06818181818181818,0.01908293934933965,0.1394084672029531,0.08018650318973497,0.2165501395533713,1.0,0.2767315842877641,0.0002974522141468112,1.0337321488057559e-06,0.3533043434917341,0.37036131392302385,optimizer_terminal,
C039,47,4,0.21710014791202772,9.059163425246144,9.949180688676927,4.588182785107551,10.0,0.0,0.038604508795675646,7.863290070843175,3.315323881722405,0.21235233442362586,1031.625039052614,0.4761750995209041,True,0.0,10.914655910338006,1.2895957964627036,1.6010551283925063,1.2895957964627036,0.421620447910922,0.06405176145665224,0.027005532354837252,0.16466580846967524,0.08890717885922339,0.21701070177252788,1.0,1.0284811560249019,0.0009693444440999061,1.5943375794720662e-05,0.4761750995209041,0.4932320699521938,optimizer_terminal,
C039,47,5,9.597501064891988,9.564128037786173,7.1107320340797555,10.0,0.10797669549776016,0.06388565387886028,0.0046271111766995705,7.8899357477569945,2.200194417068331,0.15047031611378417,3372.089236742366,0.3514961991779749,True,0.0,9.275484765391482,1.0887224094745307,1.069722256006709,1.069722256006709,0.2788608788980085,0.06838955455321975,0.01907117129015416,0.14066297608455147,0.08039942170006084,0.21717853080650035,1.0,0.023055753974650914,0.0002965520571353734,1.1873842315261111e-06,0.3514961991779749,0.36855316960926465,optimizer_terminal,
C039,47,6,9.606096451963566,9.561980965752127,7.100569457531487,10.0,0.1059069224083453,0.064237544064247,0.0009603017759199682,7.890495116120746,2.200097911370512,0.1500348054314237,3389.550297644549,0.3514113413489365,True,0.0,9.275882769912132,1.0859304003417047,1.065303605553857,1.065303605553857,0.2788288794293253,0.06819460382013734,0.019014624966295683,0.1408376022095784,0.08016799215600907,0.21655719979628374,1.0,0.007800280218094838,0.0002950243873633961,1.209921934836301e-06,0.3514113413489365,0.3684683117802262,optimizer_terminal,
C039,47,7,9.603207713771091,9.561803821868773,7.102942210142868,10.0,0.10622715638197461,0.06418383604642877,0.0,7.890407625598211,2.20000809783227,0.15,3390.6805622642805,0.35137038018717437,True,0.0,9.275699975277062,1.0866282653098585,1.065618942504398,1.065618942504398,0.2788205885200356,0.06818156721686582,0.01901042469762489,0.1407632635053134,0.0801519758365951,0.21651511027032672,1.0,0.006296250002132285,0.00029492604261493886,1.2228007611464906e-06,0.35137038018717437,0.3684273506184641,optimizer_terminal,
C039,47,8,0.1,9.776287045422785,7.999609664176817,3.462005676551655,10.0,0.15740875967137719,0.0078107358671998615,7.8432096776356435,2.940039529484553,0.18459557572655055,1531.170382300892,0.42359857525819666,True,0.0,10.354525714094194,1.3101041534128766,1.1934285793647317,1.1934285793647317,0.37485157866783386,0.06278676659796945,0.023535718578697667,0.15467668440185314,0.08289045122652997,0.20846398442246886,1.0,0.8579294526608539,0.0006530951823253651,1.1453290755562027e-05,0.42359857525819666,0.4406555456894864,optimizer_terminal,
C039,47,9,3.3945931183400564,6.735019616683118,9.360011152504423,7.839036233219885,10.0,0.11673150238973592,0.023380715512104543,7.591324569848661,3.106365318479732,0.18645930505937622,1336.0825280641648,0.44854094750484685,True,0.0,10.395633712341215,1.1486433534348628,1.0169831436035592,1.0169831436035592,0.40919938146468426,0.06002491205723033,0.02456215688629072,0.18334552173468655,0.08219869847758338,0.20224852259204404,1.0,1.0362165333214892,0.0007484567599644379,2.316122678462806e-05,0.44854094750484685,0.4655979179361366,optimizer_terminal,
C039,47,10,6.438124301508379,9.52910843434369,7.312576059480822,9.09416241968746,5.954263890032827,0.1124578153511306,0.0014809426826273954,7.809197300997115,2.2,0.15,3283.2145811956066,0.35404416932397137,True,0.0,9.258814054175453,1.0044176049844578,0.9505445680610234,0.9505445680610234,0.2817190954720908,0.06818181818181818,0.019208120145824372,0.15780427876830522,0.08083836943656787,0.21720200580020424,1.0,0.5826209511645041,0.0003045795440016116,4.256078989089098e-06,0.35404416932397137,0.3711011397552611,optimizer_terminal,
C039,47,11,0.6941808412653239,8.081464655999783,6.75170114048917,7.209403776012147,6.8979942430929135,0.021466468727265785,0.04047999651393359,6.739306205298494,2.442758221315196,0.152100983077454,1766.9236472917632,0.4096475045881579,True,0.0,8.63113901955155,0.9613282497140694,0.9683734232393042,0.9613282497140694,0.3624643467594158,0.06226608173917512,0.0225692346428585,0.15821961241926868,0.07974518315714031,0.20427734663549058,1.0,0.6781552000036729,0.0005659554115610718,1.2740422232850673e-05,0.4096475045881579,0.42670447501944764,optimizer_terminal,
C039,47,12,10.0,5.874274318625435,10.0,10.0,0.1,0.02536488299398032,0.08897788510722093,7.5450417236466665,4.0,0.23358013569766917,769.6356915257927,0.5275643756218442,True,0.0,11.624844500633197,1.0532245140975822,1.083002148848118,1.0532245140975822,0.5301494871080344,0.05839503392441729,0.030958097284686095,0.2217762049507592,0.08997076674248766,0.20676083459132225,1.0,1.5958789614898699,0.001299316041356545,9.087609057147114e-05,0.5275643756218442,0.544621346053134,optimizer_terminal,
C039,47,13,5.303409033809109,7.599980354046668,10.0,8.978057834992457,3.6857455359561957,0.06350041424806639,0.02542893871077633,6.687301882627464,2.9864977498392995,0.19066985179789941,942.5233860710468,0.48421776501232755,True,0.0,9.408876946304433,0.9539746208711471,0.9205598079709818,0.9205598079709818,0.44659233308993285,0.0638439629857947,0.028512224383533374,0.20712380678248096,0.0898269589202006,0.21751488489179005,1.0,1.2883720639454592,0.0010609816316267198,3.9292923827082496e-05,0.48421776501232755,0.5012747354436173,optimizer_terminal,
C039,47,14,10.0,7.27906765222961,10.0,6.941064515026018,0.1,0.20575809966368933,0.1743189791815845,6.352134996679743,2.6474099974590395,0.1696854816762169,1113.4252715300795,0.4632685068387062,True,0.0,8.725975023681933,1.2779292830867361,1.1426971237280557,1.1426971237280557,0.4167748322167018,0.06409490099345379,0.02671314160749282,0.14849558833456855,0.08804764154203033,0.2162374435289379,1.0,1.3221723241047465,0.0008981294259881407,2.8415209913772242e-05,0.4632685068387062,0.4803254772699959,optimizer_terminal,
C039,47,15,10.0,10.0,6.845725397958214,10.0,0.1,0.1742240224691302,0.13682657487298866,7.708010087255535,2.2,0.15,3101.3113519617154,0.35636478782885084,True,0.0,9.116427764956962,0.933196948834234,0.9077241354408979,0.9077241354408979,0.2854173742763378,0.06818181818181818,0.019460275518841212,0.16524844293926624,0.08064008911530737,0.21700372547894373,1.0,0.7175522877307718,0.00032244424584053973,6.969497920152313e-06,0.35636478782885084,0.37342175826014057,optimizer_terminal,
C039,47,16,10.0,10.0,10.0,10.0,0.1,0.0,0.0,6.810910134137484,2.911833255832499,0.1716275155304771,1240.798392855747,0.4513785426910501,True,0.0,9.348413328999515,0.9911669507133922,0.991166950713425,0.9911669507133922,0.4275248386023883,0.058941395489148105,0.025198910593497582,0.17315702002265937,0.08090086587089618,0.19878365684919236,1.0,1.0354881942539675,0.000805932700878553,4.2123979572198635e-05,0.4513785426910501,0.46843551312233983,optimizer_terminal,
C039,47,17,10.0,1.2299710279054938,10.0,4.922917470817163,0.1,0.0,0.0,6.2674941225682685,4.0,0.19659356562434654,732.7921842742933,0.5722229894542852,True,0.0,11.12916409466105,1.2497009507367296,0.9917348739199197,0.9917348739199197,0.638213602083267,0.049148391406086636,0.03136717191587684,0.19823197791491703,0.08727260085930925,0.1855693836714825,1.0,1.7879079004070306,0.0013646433756527177,7.74988910539133e-05,0.5722229894542852,0.5892799598855749,optimizer_terminal,
C039,47,18,4.905140116880494,1.8770266681085168,10.0,2.160732260635095,4.084116375259419,0.0,0.0,6.706904310156469,4.0,0.22077447403806982,650.7446985163591,0.5826608250894956,True,0.0,11.536264573283407,1.2310485051029192,1.2007069295438695,1.2007069295438695,0.5964003383711138,0.055193618509517456,0.03291749275500238,0.18387040884484504,0.0949362263777118,0.2053234633967467,1.0,1.5870235429373456,0.0015367009555051503,2.523546918449484e-05,0.5826608250894956,0.5997177955207853,optimizer_terminal,
C039,47,19,10.0,10.0,10.0,7.685522913603616,0.18619664366242336,0.0,0.0,7.039055001991078,3.1841153728440004,0.1930420546753101,1000.081634241793,0.48085226328177794,True,0.0,9.964374234675388,1.0564231850915966,1.0823289284003943,1.0564231850915966,0.4523498355877794,0.06062658920015453,0.02742442765693775,0.1827317474659291,0.08582203480316472,0.2070752132034738,1.0,1.0803163120331152,0.0009999183724218124,4.342666514015621e-05,0.48085226328177794,0.49790923371306767,optimizer_terminal,
C039,47,20,9.879180214330516,8.345589284939777,8.682889429037536,10.0,0.12469223890746349,0.0,0.0,7.9,2.9784121302584055,0.18606017256602222,1600.2708288537267,0.41226109706572434,True,0.0,10.299101808157104,1.1539963385776164,1.1515189747839074,1.1515189747839074,0.3770141937035956,0.06246958595010817,0.023551920577977496,0.16157803444006474,0.08144058552070692,0.2063797574209233,1.0,1.0509299420188916,0.0006248942253832744,2.6484994477685103e-05,0.41226109706572434,0.42931806749701407,optimizer_terminal,
C039,47,21,10.0,3.7696094327646055,10.0,0.6533752500465333,0.1,0.10867098665661465,0.04320287710181027,6.946133031947726,4.0,0.23160203948335817,620.8449223197686,0.590337499352702,True,0.0,11.719287154306837,1.246540292701494,1.4296642548860032,1.246540292701494,0.5758599758459251,0.05790050987083954,0.033342586215688405,0.18579587105157408,0.09768783558222134,0.21348885532390044,1.0,1.5989431867705002,0.001610708188227633,3.370484679169135e-05,0.590337499352702,0.6073944697839917,optimizer_terminal,
C039,47,22,10.0,3.7101473893904906,10.0,1.7601147907704782,0.1,0.11880421657506844,0.0557651984205905,7.4638250797296735,4.0,0.2386677359801229,682.6194271176395,0.5817114911241295,True,0.0,12.010970749801265,1.4415070450089313,1.4833269810926712,1.4415070450089313,0.5359182399468655,0.05966693399503072,0.03197659824964266,0.1655682064173638,0.09601749656365109,0.21535136455371254,1.0,1.5648923252115605,0.0014649451220902106,2.2703264350657134e-05,0.5817114911241295,0.5987684615554192,optimizer_terminal,
C039,47,23,1.3468627552169656,7.963943030150858,8.188638728281852,6.921610251849305,6.147261445779613,0.0,0.0,6.4048447358650575,2.649115712911452,0.1691413916127789,1131.843157697304,0.4556054588882046,True,0.0,8.680926062115676,0.9282962369824315,0.9309497392574884,0.9282962369824315,0.4136112305856942,0.06384824595936121,0.026408351581989467,0.18220626657132513,0.08653791391152754,0.21423440583024997,1.0,0.9268183353024942,0.0008835146399916978,1.8264602155193014e-05,0.4556054588882046,0.4726624293194943,optimizer_terminal,
C039,47,24,0.1,2.389879544366851,10.0,0.7953617648893196,10.0,0.07547995209125473,0.060500601878987585,5.291307469871618,4.0,0.2022581114685005,445.0419644919587,0.5937504782957934,True,0.0,10.610976481087828,0.9128532050534863,0.9841279943281762,0.9128532050534863,0.7559568259406122,0.05056452786712513,0.03822459999161755,0.22156696207978993,0.10140008287751094,0.2025291386117612,1.0,1.6260167763305793,0.0022469791160965196,8.317002884886984e-05,0.5937504782957934,0.6108074487270831,optimizer_terminal,
C039,47,25,0.1,9.92169652572183,6.6962345284994855,10.0,10.0,1.0,1.0,7.9,2.2,0.15,2123.810370978598,0.3643966104372841,True,0.0,9.280881249776828,0.9551481018273349,0.9551481018271254,0.9551481018271254,0.27848101265822783,0.06818181818181818,0.018987341772151896,0.15704370841868548,0.08009966556194038,0.21646330192557675,1.0,2.1118929865952176,0.00047085183011853613,4.5602210516069056e-05,0.3643966104372841,0.38145358086857384,optimizer_terminal,
C039,47,26,8.51309115467435,8.131701720574808,7.441643027299599,8.345056138862391,0.1,0.0,0.0,7.2525797213200836,2.499141405686112,0.1566692676122197,2070.4121794086186,0.3966563372665971,True,0.0,9.12938189936865,1.1046254896615408,1.1046254896615646,1.1046254896615408,0.3445865473687243,0.06268923689382348,0.02160186769842268,0.1418302122108584,0.07891178126609207,0.20429025505373904,1.0,0.7915847668419815,0.0004829956131177873,1.1698014616709956e-05,0.3966563372665971,0.41371330769788683,optimizer_terminal,
C039,47,27,8.492322793450851,9.001192737660167,8.26497889309928,9.77931788666086,0.1,0.0,0.0,7.809612358757961,2.8082486372937745,0.17861564561893511,1772.0492263632127,0.40413001139508103,True,0.0,9.957868870383459,1.1724497912819978,1.17244979128193,1.17244979128193,0.3595887360714531,0.0636039285292992,0.022871256269029736,0.15234396129120448,0.08110000225884864,0.20830785931744708,1.0,0.8675146628501985,0.0005643184089486645,2.0214771608862413e-05,0.40413001139508103,0.42118698182637077,optimizer_terminal,
C039,47,28,3.03891755274429,10.0,7.313432579200711,10.0,10.0,1.0,1.0,7.9,2.2,0.15,2082.7767558538003,0.36441303690033255,True,0.0,9.329083682072078,0.9405904148157541,0.940590414815496,0.940590414815496,0.27848101265822783,0.06818181818181818,0.018987341772151896,0.159474302137582,0.0805156819511399,0.21687931831477622,1.0,2.02327963177866,0.0004801282697194623,4.1999334213285975e-05,0.36441303690033255,0.3814700073316223,optimizer_terminal,
C039,47,29,10.0,8.530915957494368,9.066435723864448,9.666573457960732,0.1,0.0,0.0,7.763434157819106,3.118997179990254,0.19323511145771868,1352.3880365935404,0.42982484273876026,True,0.0,10.393108718446124,1.138352815266062,1.1360989669895227,1.1360989669895227,0.40175483124937567,0.0619542437221192,0.02489041673176269,0.17008651277076703,0.08293973742594034,0.20684822487017873,1.0,1.0927493688375154,0.0007394327463283747,3.5323233995075744e-05,0.42982484273876026,0.44688181317005,optimizer_terminal,
C039,47,31,8.78248673063187,1.2360494904135888,10.0,10.0,0.1,0.10458949290639552,0.04023855312907718,7.9,4.0,0.18939206333289826,1121.3461744575416,0.5163584165448206,True,0.0,12.18719770294376,1.3370443475006115,0.9052747993554208,0.9052747993554208,0.5063291139240506,0.047348015833224566,0.023973678902898515,0.20920947260185563,0.073042991114129,0.16773902278057815,1.0,1.7144347326691163,0.0008917852691509439,7.497455073190658e-05,0.5163584165448206,0.5334153869761104,optimizer_terminal,
C039,47,32,0.1,0.6697744409198476,9.913564920608032,0.1,10.0,0.015472837792234906,0.022509167307533294,5.479142727470568,4.0,0.20712195305430278,458.4160119728407,0.626952746412697,True,0.0,10.938080950454802,1.00688391524981,1.0693855489177921,1.00688391524981,0.7300412124592691,0.051780488263575696,0.037801890433673754,0.20570589113335414,0.10337003441093665,0.206931010938088,1.0,1.217307861977214,0.002181424675146919,5.841982088676939e-05,0.626952746412697,0.6440097168439868,optimizer_terminal,
C039,47,33,1.4569334207697207,0.1,5.112808261734222,0.1,3.308810792554212,0.23908884251041876,0.19102310265634836,6.3007640184382705,4.0,0.19913329497586363,607.6060770624367,0.6057528394645006,True,0.0,11.59116699154435,1.3204977450605972,1.0328688118952902,1.0328688118952902,0.6348436456744898,0.04978332374396591,0.03160462673941271,0.19279630934974082,0.09158362656049014,0.19115027404842197,1.0,1.1830387945134382,0.0016458031572604587,1.4999604318061018e-05,0.6057528394645006,0.6228098098957904,optimizer_terminal,
C039,47,34,0.1,10.0,6.589521908263374,10.0,10.0,1.0,1.0,7.9,2.2,0.15,2121.4918780280072,0.36448224660883755,True,0.0,9.278910962624481,0.9270676043034957,0.9270676043032434,0.9270676043032434,0.27848101265822783,0.06818181818181818,0.018987341772151896,0.1618004979396681,0.08008266078214453,0.2164462971457809,1.0,2.1136089105471245,0.0004713664051023995,4.6558023129811153e-05,0.36448224660883755,0.3815392170401273,optimizer_terminal,
C039,47,35,0.1,8.982675968234588,9.596989718854328,4.835238687241201,8.52962950919418,0.09810488925689936,0.034189415441784284,7.851525042485413,3.0012442814844613,0.1881672591000963,1430.6343473142585,0.440014024111532,True,0.0,10.40460597045953,1.382556258456251,1.4227142656132055,1.382556258456251,0.3822498514931072,0.0626964157036314,0.023965695591863213,0.13610097813321684,0.08308341342943984,0.2084762448367026,1.0,0.8445086290043484,0.0006989906273935811,1.542532321585924e-05,0.440014024111532,0.45707099454282174,optimizer_terminal,
C039,83,1,0.13745585528299525,9.694130701552222,6.490482896668218,8.295352617904912,9.373836538428911,1.0,1.0,7.824539875658522,2.2605856180324517,0.15201567783465045,2103.678807829025,0.3718770098303278,True,0.0,9.299305499924044,0.997168941274139,0.9971689412740805,0.9971689412740805,0.28890971915996505,0.06724614923763007,0.019428066090832804,0.15244726499445557,0.07992067206400132,0.21441297053926145,1.0,1.8330256683831039,0.000475357738205287,4.024750985840153e-05,0.3718770098303278,0.3889339802616175,optimizer_terminal,
C039,83,6,6.663320949479767,7.565107831264794,9.460975432646329,6.485226794806314,8.546892493503403,0.013989405391921027,0.025133179026099094,7.475289464601253,3.2843735391229067,0.2066217443482282,1016.8535764480282,0.4714838108046708,True,0.0,10.61684745629628,0.9647381893156121,1.0040419111558658,0.9647381893156121,0.439364061375261,0.0629105495726916,0.027640634563607474,0.21417390400478106,0.08934927688992975,0.21517037603531294,1.0,1.2510443052804732,0.0009834257587932184,2.501890795827348e-05,0.4714838108046708,0.4885407812359605,optimizer_terminal,
C039,83,7,0.1,0.1,8.196639851102445,0.1,10.0,1.0,1.0,5.880903625833243,3.849440226889015,0.21367929173675543,453.60768412039334,0.6364809384435124,True,0.0,11.041308227375279,1.014141560525076,1.014141560524692,1.014141560524692,0.6545661129319396,0.05550918552889018,0.03633443180366351,0.21069966960648276,0.1042176620923961,0.21523603315017645,1.0,1.8452230814954673,0.002204548192209608,0.00020682221430851552,0.6364809384435124,0.6535379088748021,optimizer_terminal,
C039,83,8,6.414796000964847,2.7217026458590086,10.0,6.15574303743626,5.629367903845874,0.0,0.0,7.155596740841983,4.0,0.22106176029037766,752.1326080333706,0.5674936880120448,True,0.0,11.648552199986845,1.2459096832455376,1.0487522391757864,1.0487522391757864,0.5590029937222718,0.055265440072594416,0.030893546449959085,0.21078549540367125,0.08996627211626668,0.2004971522614555,1.0,1.6117445769021617,0.0013295527800805467,5.220929955557556e-05,0.5674936880120448,0.5845506584433345,optimizer_terminal,
C039,83,9,4.435023737206687,8.776481547624087,10.0,6.645296530910386,6.238722824022281,0.00780184179359147,0.06971567293421867,7.664002880529261,3.6222618326192886,0.22655877089139576,827.7149554989097,0.5121601233794097,True,0.0,11.147375198267362,1.1217387659375022,1.2345751921866048,1.1217387659375022,0.4726331512507394,0.06254621597234708,0.02956141515381973,0.2019710629346463,0.09097414856757814,0.21606658051227232,1.0,1.0876234938421956,0.0012081453806730416,2.585645521354122e-05,0.5121601233794097,0.5292170938106995,optimizer_terminal,
C039,83,10,10.0,4.8457797538736855,9.925143232391468,7.628343043201518,3.232870199868133,0.10549523890440754,0.11937077263527243,7.265068439686753,4.0,0.21143609297631327,825.4887713679057,0.5281587998256156,True,0.0,11.591199151767324,0.9870522306197501,0.9463959642425839,0.9463959642425839,0.5505798098403691,0.05285902324407832,0.029103110966072293,0.22341187089225284,0.08433498878593187,0.1900530352740885,1.0,1.5641499380295276,0.0012114035159350675,4.22256189881191e-05,0.5281587998256156,0.5452157702569054,optimizer_terminal,
C039,83,11,7.82108629315017,10.0,6.111988530227066,10.0,0.1,0.0,0.0,7.9,2.2,0.15,3392.791280602055,0.3526864183343612,True,0.0,9.240560370306852,0.929610315024795,0.9296103150248013,0.929610315024795,0.27848101265822783,0.06818181818181818,0.018987341772151896,0.1613579341533007,0.07975167178055395,0.21611530814419028,1.0,0.4442648331576723,0.00029474256365765854,2.643293781425531e-06,0.3526864183343612,0.36974338876565094,optimizer_terminal,
C039,83,12,9.773904600632909,6.283389125716079,8.111670844312593,10.0,0.1,0.0,0.0,7.259921038347744,2.5735292227497855,0.16771727078273652,1768.0187242259942,0.403102395037808,True,0.0,9.288756335372982,1.1479569769263132,1.1099916821387505,1.1099916821387505,0.35448446465961625,0.06517014429062228,0.023101803710651184,0.15109777260634608,0.08338239320498975,0.2137226817862343,1.0,1.0535750414743859,0.0005656048696191165,2.0883290813364018e-05,0.403102395037808,0.4201593654690977,optimizer_terminal,
C039,83,13,7.333540445559987,7.755940040378755,8.603936264505744,9.157855786214226,6.722826611946155,0.08105442404444196,0.0,7.820174321324666,2.7518421246355618,0.17978626309016893,1813.6231808987536,0.398254047004755,True,0.0,10.034146688680183,1.0452651819807732,0.9863322460556513,0.9863322460556513,0.35189012566275185,0.06533305871025533,0.02299005823948369,0.18227758831685298,0.08382952448147094,0.21449564190198162,1.0,0.9995893240818672,0.0005513824539364583,1.4253168375160086e-05,0.398254047004755,0.4153110174360447,optimizer_terminal,
C039,83,14,0.1,0.1,8.319963920237313,2.5529874494211784,9.065000606261453,1.0,1.0,6.1285649717613,4.0,0.22417530599186103,478.94360962176916,0.624469446510469,True,0.0,11.234186668785327,1.2314742751591663,0.9776983690021265,0.9776983690021265,0.6526813403187978,0.05604382649796526,0.03657875979528612,0.22928882066220718,0.10273315391322599,0.2148208069091565,1.0,1.679176626444556,0.002087928474063406,0.00010565031124801902,0.624469446510469,0.6415264169417587,optimizer_terminal,
C039,83,15,10.0,8.355915608815312,8.152847307541473,7.561010067281355,0.1,0.10312907521833675,0.06434722784148189,7.9,2.880886991827196,0.18781273879918475,1623.5699328167582,0.40710648454790066,True,0.0,10.205525072166505,1.2305254862575683,1.1968730568169967,1.1968730568169967,0.36466923947179697,0.0651926782730429,0.023773764404960093,0.15691951433735177,0.08421841932116758,0.21460377586725335,1.0,1.0318488042425216,0.0006159266563067497,1.565981631258883e-05,0.40710648454790066,0.4241634549791904,optimizer_terminal,
C039,83,16,4.236593484603491,6.774665304182334,9.170970777369806,6.042514979942068,6.694564403225369,0.13345860753208708,0.25011011537756467,7.573806583085958,3.039181242310549,0.19250268603215342,1263.374740365567,0.4459425976806333,True,0.0,10.28347307196387,1.004260873457243,1.3417380857486263,1.004260873457243,0.40127526481831943,0.06334031131549184,0.025416900196798785,0.19168593651313784,0.08600145496681957,0.21268207759780325,1.0,1.3262261750760582,0.0007915307850073387,2.1043621206090913e-05,0.4459425976806333,0.46299956811192305,optimizer_terminal,
C039,83,17,10.0,7.805751556318391,6.278759362356416,4.017204812169983,1.1038341513461045,1.0,1.0,7.8493991293702665,2.5678410118704678,0.162168695214146,1821.6914393201753,0.39033593381890747,True,0.0,9.880506082763395,1.022322656396295,1.1077024703352436,1.022322656396295,0.32713854519925245,0.06315371335860823,0.020660013912065688,0.15862770349411354,0.07949533954185424,0.20580276625907065,1.0,1.596087359260478,0.0005489403849716631,3.23374233780862e-05,0.39033593381890747,0.4073929042501972,optimizer_terminal,
C039,83,18,10.0,1.4250816995353208,10.0,5.855229338235714,0.1,0.2715727630035949,0.29624981833845004,7.46173029484333,4.0,0.22850020412634797,697.7477195344153,0.5852371593972167,True,0.0,11.925927453891552,1.5111231663223712,1.3061128446806918,1.3061128446806918,0.5360686921054127,0.05712505103158699,0.0306229513929578,0.1749467552186962,0.09130177418411549,0.20555187624728946,1.0,2.0922715886753336,0.001433182756465715,8.244904389534302e-05,0.5852371593972167,0.6022941298285064,optimizer_terminal,
C039,83,19,0.1,8.115056991295464,5.6077073663230195,6.612413870925849,5.4671807888599755,0.10865355329482881,0.12920143270413104,7.9,2.9986368970317288,0.19736048630428027,1379.8138667932285,0.41927432771997075,True,0.0,10.23678296493756,0.9543063371703796,0.9684589494846788,0.9543063371703796,0.37957429076350996,0.06581673376314491,0.024982340038516487,0.20681041151783108,0.08528501506258135,0.21691848258887117,1.0,0.8780852319790969,0.0007247354328479543,2.308196483303645e-05,0.41927432771997075,0.4363312981512605,optimizer_terminal,
C039,83,20,1.7438165085836985,10.0,9.074185811913225,10.0,10.0,0.0,0.0,7.460906948808039,2.929424595726333,0.18707786106760205,1356.6591160934795,0.4279104490687021,True,0.0,9.890676397328768,0.9419012947084258,0.941901294708408,0.941901294708408,0.3926365274123062,0.06386164072648445,0.02507441284969916,0.19861726713680466,0.08465925482813318,0.21238253628110207,1.0,0.8411781454213658,0.0007371048394820912,2.5681378483719745e-05,0.4279104490687021,0.44496741949999186,optimizer_terminal,
C039,83,21,7.846290864056358,4.769735634837974,8.951222031660668,7.494178258410043,1.272025094929047,0.12356958762144434,0.1592165653589097,7.1438998727478555,3.8555859677537945,0.21689421682280968,763.0998197927948,0.5422681293175023,True,0.0,11.1690562713897,1.0804928304213024,1.1092481823406672,1.0804928304213024,0.5397032484262364,0.056254540460725075,0.030360758225378474,0.20073637761968208,0.08795057869215787,0.20045965961360804,1.0,1.529182221415901,0.001310444550061001,5.3419872336381154e-05,0.5422681293175023,0.5593250997487921,optimizer_terminal,
C039,83,22,0.1,10.0,6.638816189687268,10.0,10.0,1.0,1.0,7.9,2.2,0.15,2123.2683788156864,0.36448224660883755,True,0.0,9.279417074411773,0.938205110481235,0.9382051104810125,0.9382051104810125,0.27848101265822783,0.06818181818181818,0.018987341772151896,0.15987975158555237,0.08008702883554464,0.21645066519918096,1.0,2.1095119519257413,0.0004709720212372675,4.614378233206147e-05,0.36448224660883755,0.3815392170401273,optimizer_terminal,
C039,83,23,7.769972189240456,10.0,6.50290185526617,10.0,0.1,0.11935610552601753,0.04930164069769179,7.9,2.2,0.15,3327.755173752538,0.3533034951235043,True,0.0,9.244585236697585,1.0221326388199325,0.9906054385564799,0.9906054385564799,0.27848101265822783,0.06818181818181818,0.018987341772151896,0.15142254843520897,0.07978640883225763,0.21615004519589395,1.0,0.43446766766639916,0.00030050287589887553,1.4016513182916994e-06,0.3533034951235043,0.370360465554794,optimizer_terminal,
C039,83,24,0.1,0.1,7.701770245783895,0.1,10.0,1.0,1.0,5.660457947863762,4.0,0.1872393178455419,484.80853482425573,0.6034920496805947,True,0.0,11.135876524671453,0.9282064323645882,0.9282064323642263,0.9282064323642263,0.7066566056743848,0.046809829461385476,0.03307847519937948,0.20172163359030632,0.0920894538611742,0.18570911278394517,1.0,2.0153861001694513,0.0020626699576617447,0.0002090271341007471,0.6034920496805947,0.6205490201118844,optimizer_terminal,
C039,83,25,6.506205235909059,6.542777957065167,8.617636803302052,9.381284076940982,3.846902695679689,0.0,0.0,7.341667882062172,3.1448013853065406,0.19057012792007172,1183.2297744474515,0.4539570322828599,True,0.0,10.159222948590198,1.043821815761918,1.0163099853545474,1.0163099853545474,0.4283497205029125,0.0605984622146482,0.02595733435255086,0.18751181299629746,0.08385469049676042,0.20505161492605686,1.0,1.2495685798785636,0.0008451443849669716,4.473022949248902e-05,0.4539570322828599,0.4710140027141496,optimizer_terminal,
C039,83,26,10.0,5.27388865028804,7.5338943197381125,8.251481786454086,2.214761428291771,0.15341741228448014,0.16283503995127946,7.712641306697666,3.2511794823345364,0.19525150273995776,1247.4404672604985,0.4513881971920964,True,0.0,10.689108412246343,0.9337395502289246,0.9174439848709611,0.9174439848709611,0.42153904908182477,0.06005559022529135,0.02531577639561704,0.21282117051257354,0.08323227920921449,0.20334345965979717,1.0,1.3879661660956497,0.0008016414620539752,3.8818790408953315e-05,0.4513881971920964,0.4684451676233861,optimizer_terminal,
C039,83,27,10.0,10.0,6.485462362583473,3.8335433791267013,0.1,1.0,1.0,7.9,2.3100308684707183,0.15321706257400697,2055.6262007851788,0.3754029138717825,True,0.0,9.572545463360667,1.081181092286577,1.2302767023429673,1.081181092286577,0.292408970692496,0.06632684639207415,0.01939456488278569,0.14171267298984117,0.08036920918094546,0.21302290196509374,1.0,1.4914239057077368,0.0004864697675180606,2.35373311216006e-05,0.3754029138717825,0.3924598843030722,optimizer_terminal,
C039,83,28,10.0,10.0,7.411744172966047,10.0,0.1,0.602243831953774,0.6419288551718686,7.9,2.2,0.15,2605.5374891843526,0.36211452733050364,True,0.0,9.287293693372678,0.916672478418723,1.0517209545380024,0.916672478418723,0.27848101265822783,0.06818181818181818,0.018987341772151896,0.16363532617315268,0.08015500886109905,0.2165186452247354,1.0,1.6294782756536121,0.0003837979703424048,2.9970500298824496e-05,0.36211452733050364,0.3791714977617934,optimizer_terminal,
C039,83,29,0.9086268892019742,10.0,7.868239321275345,10.0,10.0,0.0,0.0,7.684481904091644,2.2,0.15,3124.5003770294857,0.35918269429171457,True,0.0,9.118677205818392,1.1128422380571477,1.1128422380571814,1.1128422380571477,0.28629125911905634,0.06818181818181818,0.01951985857629929,0.13478999526642432,0.08090694975477226,0.21727058611840863,1.0,0.5029930368221772,0.0003200511695731388,9.265718540912482e-07,0.35918269429171457,0.3762396647230043,optimizer_terminal,
C039,83,30,0.1,0.1,5.626278806618293,0.1,5.856563397899166,1.0,1.0,6.293566406333496,3.776623094339275,0.18641905205034645,635.3909935881572,0.5902432916964383,True,0.0,11.215946916828052,1.1704371754367437,1.1704371754361786,1.1704371754361786,0.6000767848478871,0.04936130701784015,0.029620574411154964,0.1592730100877691,0.0879682144451834,0.1866908284808637,1.0,1.4851808391041894,0.0015738340802610939,7.990149728769891e-05,0.5902432916964383,0.607300262127728,optimizer_terminal,
C039,83,31,1.0258758187347272,4.154955454366376,8.456891997891613,0.1,5.1499138623398295,0.0,0.0,7.323536265255245,4.0,0.23894548991706793,632.86391286588,0.5987054109265042,True,0.0,11.981389030557809,0.917828105967518,1.355483961638842,0.917828105967518,0.5461842278267997,0.05973637247926698,0.032627064475762524,0.26033795256812964,0.09772938810230085,0.2172021330608348,1.0,1.0590234088085222,0.001580118536813973,2.323725593335828e-05,0.5987054109265042,0.6157623813577939,optimizer_terminal,
C039,83,32,10.0,10.0,6.672580024316892,10.0,0.1,0.0,0.0,7.9,2.2,0.15,3437.0289183305795,0.3519049893602586,True,0.0,9.279764812708523,0.9458546973853752,0.945854697385355,0.945854697385355,0.27848101265822783,0.06818181818181818,0.018987341772151896,0.15858672628538822,0.08009003002912993,0.21645366639276628,1.0,0.30202658006959493,0.00029094896311949455,7.369471148612536e-07,0.3519049893602586,0.36896195979154833,optimizer_terminal,
C039,83,33,0.1,10.0,7.572597894600604,10.0,10.0,1.0,1.0,7.9,2.2,0.15,2156.162634029921,0.3647191180939586,True,0.0,9.28932662773697,1.1556060217210922,1.1556060217207622,1.1556060217207622,0.27848101265822783,0.06818181818181818,0.018987341772151896,0.1298020235102631,0.08017255432454232,0.21653619068817867,1.0,2.04530547713824,0.00046378690745186294,3.885373751885746e-05,0.3647191180939586,0.38177608852524836,optimizer_terminal,
C039,83,34,10.0,0.1,10.0,0.1,0.44744497989639065,0.0,0.0,5.65431089968936,4.0,0.21315822147677982,490.32200512261966,0.6451773972425205,True,0.0,11.125266839901581,1.064192968656488,1.064192968657075,1.064192968656488,0.7074248429140595,0.053289555369194955,0.03769835533601282,0.2003003475449436,0.10485106563464255,0.21143017637303244,1.0,1.0708629278609667,0.002039476078072246,3.825666149125199e-05,0.6451773972425205,0.6622343676738103,optimizer_terminal,
C039,83,35,0.16282099354205942,6.849941693123012,7.641111139445426,3.8618386078319737,9.981505496878674,0.03597410966672897,0.15617450923206905,7.756067226630915,3.2967015608972394,0.19431852769438474,1195.2946235582915,0.4669247814637384,True,0.0,10.855598181110008,0.9739575969765294,1.2691643639391392,0.9739575969765294,0.42504809003947513,0.058943317769261004,0.025053744638414248,0.19951436109499074,0.08249863680494733,0.20038527234346934,1.0,0.9759978360643509,0.0008366138191294496,1.695103696425811e-05,0.4669247814637384,0.4839817518950281,optimizer_terminal,
C037,-1,D000,0.6279124563273644,10.0,5.669894600811906,8.321548653554638,5.525153315130971,1.0,1.0,7.9,2.2,0.15,0.21600420704392365,2182.943504108777,True,0.0,9.227687456155955,1.0191485953414865,1.019148595341263,1.019148595341263,0.27848101265822783,0.06818181818181818,0.018987341772151896,0.14718167761372652,0.07964057068028729,0.21600420704392365,1.0,1.9625033473880957,0.0004580970593685917,5.593384482134762e-05,0.3669595655972541,0.38401653602854385,fem_training_design,D000
C038,-1,D001,9.884838776206049,0.1,10.0,0.1,0.34781357580860317,0.0,0.0,4.86576429402609,4.0,0.15626015145824992,0.16279805458974497,0.6371736302483154,True,0.0,10.545860209214842,0.9071785051890289,0.9071785051886937,0.9071785051886937,0.822070235689586,0.03906503786456248,0.03211420488454348,0.1722485162120852,0.08466797886062,0.16279805458974497,1.0,5.045105563317948e-15,0.0017338073859102052,7.097580471297616e-07,0.6371736302483154,0.6542306006796051,fem_training_design,D001
C039,-1,D001,9.884838776206049,0.1,10.0,0.1,0.34781357580860317,0.0,0.0,4.86576429402609,4.0,0.15626015145824992,576.7653362919694,0.6371736302483154,True,0.0,10.545860209214842,0.9071785051890289,0.9071785051886937,0.9071785051886937,0.822070235689586,0.03906503786456248,0.03211420488454348,0.1722485162120852,0.08466797886062,0.16279805458974497,1.0,5.045105563317948e-15,0.0017338073859102052,7.097580471297616e-07,0.6371736302483154,0.6542306006796051,fem_training_design,D001
C037,-1,D002,0.1,0.11031758842521328,9.810294924228543,10.0,10.0,0.01831558917119717,0.17398410305320075,7.9,2.2,0.25,0.3665345152473411,1331.4658081123296,True,0.0,9.681479499995156,2.507444838755351,0.9061452176693462,0.9061452176693462,0.27848101265822783,0.11363636363636363,0.03164556962025316,0.2758939683453976,0.13926178797461383,0.3665345152473411,1.0,1.753715349819342e-15,0.0007510519563530803,3.7387114723339615e-07,0.4797342954306159,0.49679126586190564,fem_training_design,D002
C038,-1,D002,0.1,0.11031758842521328,9.810294924228543,10.0,10.0,0.01831558917119717,0.17398410305320075,7.9,2.2,0.25,0.3665345152473411,0.4797342954306159,True,0.0,9.681479499995156,2.507444838755351,0.9061452176693462,0.9061452176693462,0.27848101265822783,0.11363636363636363,0.03164556962025316,0.2758939683453976,0.13926178797461383,0.3665345152473411,1.0,1.753715349819342e-15,0.0007510519563530803,3.7387114723339615e-07,0.4797342954306159,0.49679126586190564,fem_training_design,D002
C039,-1,D002,0.1,0.11031758842521328,9.810294924228543,10.0,10.0,0.01831558917119717,0.17398410305320075,7.9,2.2,0.25,1331.4658081123296,0.4797342954306159,False,0.6849311117232507,9.681479499995156,2.507444838755351,0.9061452176693462,0.9061452176693462,0.27848101265822783,0.11363636363636363,0.03164556962025316,0.2758939683453976,0.13926178797461383,0.3665345152473411,1.0,1.753715349819342e-15,0.0007510519563530803,3.7387114723339615e-07,0.4797342954306159,0.49679126586190564,fem_training_design,D002
C037,-1,D003,0.1,10.0,6.258829286082422,0.13192985137124502,6.520222395511445,0.1901488897935476,0.0,7.899453768874846,2.263247634293263,0.15,0.21415583640692398,2821.804790845662,True,0.0,9.726212465119632,0.9498466127378732,1.7105307554495217,0.9498466127378732,0.2865068523105779,0.06627644174997227,0.01898865470812992,0.1579202346867716,0.08160295290697947,0.21415583640692398,1.0,4.3159696966166646e-15,0.0003543831250284013,4.4355856455996556e-07,0.3806118499336687,0.39766882036495843,fem_training_design,D003
C038,-1,D003,0.1,10.0,6.258829286082422,0.13192985137124502,6.520222395511445,0.1901488897935476,0.0,7.899453768874846,2.263247634293263,0.15,0.21415583640692398,0.3806118499336687,False,0.22194120676354842,9.726212465119632,0.9498466127378732,1.7105307554495217,0.9498466127378732,0.2865068523105779,0.06627644174997227,0.01898865470812992,0.1579202346867716,0.08160295290697947,0.21415583640692398,1.0,4.3159696966166646e-15,0.0003543831250284013,4.4355856455996556e-07,0.3806118499336687,0.39766882036495843,fem_training_design,D003
C039,-1,D003,0.1,10.0,6.258829286082422,0.13192985137124502,6.520222395511445,0.1901488897935476,0.0,7.899453768874846,2.263247634293263,0.15,2821.804790845662,0.3806118499336687,True,0.0,9.726212465119632,0.9498466127378732,1.7105307554495217,0.9498466127378732,0.2865068523105779,0.06627644174997227,0.01898865470812992,0.1579202346867716,0.08160295290697947,0.21415583640692398,1.0,4.3159696966166646e-15,0.0003543831250284013,4.4355856455996556e-07,0.3806118499336687,0.39766882036495843,fem_training_design,D003
C037,-1,D004,0.1,0.1,7.215915895667447,0.10840553444940591,7.168416411980394,0.5049118850449811,0.4874718475762521,7.133527072312738,3.9765204959224865,0.25,0.23337420030418304,507.5474280643182,True,0.0,12.213091723336047,1.4439908437507685,1.2176920469427401,1.2176920469427401,0.5574410043744702,0.06286903343170225,0.035045777140220245,0.20530642425371431,0.10763613344077852,0.23337420030418304,1.0,1.834140451286384,0.001970259220529981,6.417579198032231e-05,0.6477742819220709,0.6648312523533606,fem_training_design,D004
C038,-1,D004,0.1,0.1,7.215915895667447,0.10840553444940591,7.168416411980394,0.5049118850449811,0.4874718475762521,7.133527072312738,3.9765204959224865,0.25,0.23337420030418304,0.6477742819220709,True,0.0,12.213091723336047,1.4439908437507685,1.2176920469427401,1.2176920469427401,0.5574410043744702,0.06286903343170225,0.035045777140220245,0.20530642425371431,0.10763613344077852,0.23337420030418304,1.0,1.834140451286384,0.001970259220529981,6.417579198032231e-05,0.6477742819220709,0.6648312523533606,fem_training_design,D004
C039,-1,D004,0.1,0.1,7.215915895667447,0.10840553444940591,7.168416411980394,0.5049118850449811,0.4874718475762521,7.133527072312738,3.9765204959224865,0.25,507.5474280643182,0.6477742819220709,False,0.07280333613521599,12.213091723336047,1.4439908437507685,1.2176920469427401,1.2176920469427401,0.5574410043744702,0.06286903343170225,0.035045777140220245,0.20530642425371431,0.10763613344077852,0.23337420030418304,1.0,1.834140451286384,0.001970259220529981,6.417579198032231e-05,0.6477742819220709,0.6648312523533606,fem_training_design,D004
C037,-1,D005,9.595033675461204,0.1,5.161748307126464,0.10536390121077766,0.10400677143121953,0.06004009487483722,0.07929479086140812,7.685345312107824,3.053242645853345,0.23693767130102628,0.2686518425697704,998.6457939567052,True,0.0,11.235360005399038,0.9955196708215814,1.0289337209885894,0.9955196708215814,0.39728112685361516,0.07760197887410453,0.03082980161317468,0.23800400760086096,0.11344788482156137,0.2686518425697704,1.0,1.9752338801619575e-15,0.0010013560424041133,6.297657421494706e-07,0.5533684511668834,0.5704254215981731,fem_training_design,D005
C038,-1,D005,9.595033675461204,0.1,5.161748307126464,0.10536390121077766,0.10400677143121953,0.06004009487483722,0.07929479086140812,7.685345312107824,3.053242645853345,0.23693767130102628,0.2686518425697704,0.5533684511668834,True,0.0,11.235360005399038,0.9955196708215814,1.0289337209885894,0.9955196708215814,0.39728112685361516,0.07760197887410453,0.03082980161317468,0.23800400760086096,0.11344788482156137,0.2686518425697704,1.0,1.9752338801619575e-15,0.0010013560424041133,6.297657421494706e-07,0.5533684511668834,0.5704254215981731,fem_training_design,D005
C039,-1,D005,9.595033675461204,0.1,5.161748307126464,0.10536390121077766,0.10400677143121953,0.06004009487483722,0.07929479086140812,7.685345312107824,3.053242645853345,0.23693767130102628,998.6457939567052,0.5533684511668834,False,0.23497195744887406,11.235360005399038,0.9955196708215814,1.0289337209885894,0.9955196708215814,0.39728112685361516,0.07760197887410453,0.03082980161317468,0.23800400760086096,0.11344788482156137,0.2686518425697704,1.0,1.9752338801619575e-15,0.0010013560424041133,6.297657421494706e-07,0.5533684511668834,0.5704254215981731,fem_training_design,D005
C037,-1,D006,0.1889337221413702,3.338217991783808,10.0,0.10229026637536032,9.630520147563674,1.0,0.9942502836069178,7.9,4.0,0.16948897281703376,0.15197339668634474,1413.317927683742,True,0.0,12.534346804217893,1.3183034448575626,1.8065508880549541,1.3183034448575626,0.5063291139240506,0.04237224320425844,0.02145430035658655,0.1285659788557606,0.06722891027782786,0.15197339668634474,1.0,2.7465400791133423e-15,0.0007075548823178658,7.8715284119328e-07,0.5258354922823688,0.5428924627136585,fem_training_design,D006
C038,-1,D006,0.1889337221413702,3.338217991783808,10.0,0.10229026637536032,9.630520147563674,1.0,0.9942502836069178,7.9,4.0,0.16948897281703376,0.15197339668634474,0.5258354922823688,True,0.0,12.534346804217893,1.3183034448575626,1.8065508880549541,1.3183034448575626,0.5063291139240506,0.04237224320425844,0.02145430035658655,0.1285659788557606,0.06722891027782786,0.15197339668634474,1.0,2.7465400791133423e-15,0.0007075548823178658,7.8715284119328e-07,0.5258354922823688,0.5428924627136585,fem_training_design,D006
C039,-1,D006,0.1889337221413702,3.338217991783808,10.0,0.10229026637536032,9.630520147563674,1.0,0.9942502836069178,7.9,4.0,0.16948897281703376,1413.317927683742,0.5258354922823688,True,0.0,12.534346804217893,1.3183034448575626,1.8065508880549541,1.3183034448575626,0.5063291139240506,0.04237224320425844,0.02145430035658655,0.1285659788557606,0.06722891027782786,0.15197339668634474,1.0,2.7465400791133423e-15,0.0007075548823178658,7.8715284119328e-07,0.5258354922823688,0.5428924627136585,fem_training_design,D006
C037,-1,D007,0.1,5.215633883702463,9.821380452805055,9.774786655922787,8.982384443613258,0.027564131536560146,0.038956581982581,7.72516979938941,3.840950523910006,0.15,0.13635761983535338,1663.5154175598354,True,0.0,11.52301115032428,1.1113754997538514,1.0420271047714402,1.0420271047714402,0.4971994951118862,0.03905283316362617,0.019417048931643657,0.14395019027158723,0.05825195350810105,0.13635761983535338,1.0,4.524754764715329e-15,0.0006011365987018456,7.686588274060737e-07,0.47936913994924935,0.4964261103805391,fem_training_design,D007
C038,-1,D007,0.1,5.215633883702463,9.821380452805055,9.774786655922787,8.982384443613258,0.027564131536560146,0.038956581982581,7.72516979938941,3.840950523910006,0.15,0.13635761983535338,0.47936913994924935,True,0.0,11.52301115032428,1.1113754997538514,1.0420271047714402,1.0420271047714402,0.4971994951118862,0.03905283316362617,0.019417048931643657,0.14395019027158723,0.05825195350810105,0.13635761983535338,1.0,4.524754764715329e-15,0.0006011365987018456,7.686588274060737e-07,0.47936913994924935,0.4964261103805391,fem_training_design,D007
C039,-1,D007,0.1,5.215633883702463,9.821380452805055,9.774786655922787,8.982384443613258,0.027564131536560146,0.038956581982581,7.72516979938941,3.840950523910006,0.15,1663.5154175598354,0.47936913994924935,True,0.0,11.52301115032428,1.1113754997538514,1.0420271047714402,1.0420271047714402,0.4971994951118862,0.03905283316362617,0.019417048931643657,0.14395019027158723,0.05825195350810105,0.13635761983535338,1.0,4.524754764715329e-15,0.0006011365987018456,7.686588274060737e-07,0.47936913994924935,0.4964261103805391,fem_training_design,D007
C037,-1,D008,0.6311592020763087,0.1,10.0,0.1,3.7612107635744,0.006836782795561637,0.0,7.9,3.9457835014609133,0.23418703149396888,0.21541802434415008,981.9520549663239,True,0.0,12.873422945416642,0.9214485213685959,0.913790133762394,0.913790133762394,0.49946626600771055,0.059351211592643616,0.02964392803721125,0.2562809805460898,0.09671560115886285,0.21541802434415008,1.0,2.1806355370564887,0.0010183796601294297,8.187104869305563e-05,0.6003257122756904,0.6173826827069802,fem_training_design,D008
C038,-1,D008,0.6311592020763087,0.1,10.0,0.1,3.7612107635744,0.006836782795561637,0.0,7.9,3.9457835014609133,0.23418703149396888,0.21541802434415008,0.6003257122756904,True,0.0,12.873422945416642,0.9214485213685959,0.913790133762394,0.913790133762394,0.49946626600771055,0.059351211592643616,0.02964392803721125,0.2562809805460898,0.09671560115886285,0.21541802434415008,1.0,2.1806355370564887,0.0010183796601294297,8.187104869305563e-05,0.6003257122756904,0.6173826827069802,fem_training_design,D008
C039,-1,D008,0.6311592020763087,0.1,10.0,0.1,3.7612107635744,0.006836782795561637,0.0,7.9,3.9457835014609133,0.23418703149396888,981.9520549663239,0.6003257122756904,True,0.0,12.873422945416642,0.9214485213685959,0.913790133762394,0.913790133762394,0.49946626600771055,0.059351211592643616,0.02964392803721125,0.2562809805460898,0.09671560115886285,0.21541802434415008,1.0,2.1806355370564887,0.0010183796601294297,8.187104869305563e-05,0.6003257122756904,0.6173826827069802,fem_training_design,D008
C037,-1,D009,0.6483132485098069,3.4906919606010103,7.018179074746562,7.140048638984187,9.809847178470593,0.5349342621119983,0.48931723638115976,7.9,2.413128066774254,0.15,0.20129015538377112,2784.0853639474526,True,0.0,9.78224997215492,1.4869564506431163,0.9670587865026153,0.9670587865026153,0.3054592489587663,0.062159983162647606,0.018987341772151896,0.15510949498993495,0.07697018905847591,0.20129015538377112,1.0,6.947939148375345e-16,0.00035918438886591345,4.932097223186521e-07,0.38527889640546437,0.4023358668367541,fem_training_design,D009
C038,-1,D009,0.6483132485098069,3.4906919606010103,7.018179074746562,7.140048638984187,9.809847178470593,0.5349342621119983,0.48931723638115976,7.9,2.413128066774254,0.15,0.20129015538377112,0.38527889640546437,False,0.21139988782482885,9.78224997215492,1.4869564506431163,0.9670587865026153,0.9670587865026153,0.3054592489587663,0.062159983162647606,0.018987341772151896,0.15510949498993495,0.07697018905847591,0.20129015538377112,1.0,6.947939148375345e-16,0.00035918438886591345,4.932097223186521e-07,0.38527889640546437,0.4023358668367541,fem_training_design,D009
C039,-1,D009,0.6483132485098069,3.4906919606010103,7.018179074746562,7.140048638984187,9.809847178470593,0.5349342621119983,0.48931723638115976,7.9,2.413128066774254,0.15,2784.0853639474526,0.38527889640546437,True,0.0,9.78224997215492,1.4869564506431163,0.9670587865026153,0.9670587865026153,0.3054592489587663,0.062159983162647606,0.018987341772151896,0.15510949498993495,0.07697018905847591,0.20129015538377112,1.0,6.947939148375345e-16,0.00035918438886591345,4.932097223186521e-07,0.38527889640546437,0.4023358668367541,fem_training_design,D009
C037,-1,D010,9.634586764559828,1.0963212872927468,7.640609643001589,10.0,0.1,0.0,0.0,7.878725458065563,2.2,0.15,0.2195908856669896,2943.3171263572367,True,0.0,9.617294835736114,2.0182101327177664,0.9356147362705927,0.9356147362705927,0.27923298149040454,0.06818181818181818,0.019038612374345763,0.16032240000612594,0.08322724930335326,0.2195908856669896,1.0,5.100082299033639e-15,0.0003397527201690423,8.922866981736768e-07,0.377906440879622,0.3949634113109117,fem_training_design,D010
C038,-1,D010,9.634586764559828,1.0963212872927468,7.640609643001589,10.0,0.1,0.0,0.0,7.878725458065563,2.2,0.15,0.2195908856669896,0.377906440879622,False,0.2540626999879261,9.617294835736114,2.0182101327177664,0.9356147362705927,0.9356147362705927,0.27923298149040454,0.06818181818181818,0.019038612374345763,0.16032240000612594,0.08322724930335326,0.2195908856669896,1.0,5.100082299033639e-15,0.0003397527201690423,8.922866981736768e-07,0.377906440879622,0.3949634113109117,fem_training_design,D010
C039,-1,D010,9.634586764559828,1.0963212872927468,7.640609643001589,10.0,0.1,0.0,0.0,7.878725458065563,2.2,0.15,2943.3171263572367,0.377906440879622,False,0.009442493734859829,9.617294835736114,2.0182101327177664,0.9356147362705927,0.9356147362705927,0.27923298149040454,0.06818181818181818,0.019038612374345763,0.16032240000612594,0.08322724930335326,0.2195908856669896,1.0,5.100082299033639e-15,0.0003397527201690423,8.922866981736768e-07,0.377906440879622,0.3949634113109117,fem_training_design,D010
C037,-1,D011,0.1,0.1124614833623616,5.391267946613284,0.1,9.61421952482635,0.04414504917642894,0.024823936536963614,6.862944060701929,3.8785318201053762,0.25,0.24054483051085593,561.9157391954693,True,0.0,11.885542435206094,0.9492264863845569,0.9229840979569174,0.9229840979569174,0.5651411093839933,0.06445738016227175,0.036427515332892055,0.2708605712204474,0.11163007018631242,0.24054483051085593,1.0,2.7064176995603496e-15,0.0017796262504263787,5.305188642610419e-07,0.6517545401513275,0.6688115105826172,fem_training_design,D011
C038,-1,D011,0.1,0.1124614833623616,5.391267946613284,0.1,9.61421952482635,0.04414504917642894,0.024823936536963614,6.862944060701929,3.8785318201053762,0.25,0.24054483051085593,0.6517545401513275,True,0.0,11.885542435206094,0.9492264863845569,0.9229840979569174,0.9229840979569174,0.5651411093839933,0.06445738016227175,0.036427515332892055,0.2708605712204474,0.11163007018631242,0.24054483051085593,1.0,2.7064176995603496e-15,0.0017796262504263787,5.305188642610419e-07,0.6517545401513275,0.6688115105826172,fem_training_design,D011
C039,-1,D011,0.1,0.1124614833623616,5.391267946613284,0.1,9.61421952482635,0.04414504917642894,0.024823936536963614,6.862944060701929,3.8785318201053762,0.25,561.9157391954693,0.6517545401513275,False,0.10576617434905405,11.885542435206094,0.9492264863845569,0.9229840979569174,0.9229840979569174,0.5651411093839933,0.06445738016227175,0.036427515332892055,0.2708605712204474,0.11163007018631242,0.24054483051085593,1.0,2.7064176995603496e-15,0.0017796262504263787,5.305188642610419e-07,0.6517545401513275,0.6688115105826172,fem_training_design,D011
C037,-1,D012,0.10748115500219808,0.1,4.767622150986108,0.9371718146868162,9.817513248540502,0.489289140806762,0.5020373406954254,7.73774501913167,2.5121451088077933,0.24752830542328533,0.328731427490937,1167.9733900485485,True,0.0,10.339709914219613,1.0539927863266856,0.9064622673649089,0.9064622673649089,0.3246611386904691,0.09853264628521265,0.031989721141142353,0.2730707215677621,0.13166613492051166,0.328731427490937,1.0,2.823026557437671,0.0008561838895648415,9.741322746610469e-05,0.49941581825762943,0.5164727886889191,fem_training_design,D012
C038,-1,D012,0.10748115500219808,0.1,4.767622150986108,0.9371718146868162,9.817513248540502,0.489289140806762,0.5020373406954254,7.73774501913167,2.5121451088077933,0.24752830542328533,0.328731427490937,0.49941581825762943,True,0.0,10.339709914219613,1.0539927863266856,0.9064622673649089,0.9064622673649089,0.3246611386904691,0.09853264628521265,0.031989721141142353,0.2730707215677621,0.13166613492051166,0.328731427490937,1.0,2.823026557437671,0.0008561838895648415,9.741322746610469e-05,0.49941581825762943,0.5164727886889191,fem_training_design,D012
C039,-1,D012,0.10748115500219808,0.1,4.767622150986108,0.9371718146868162,9.817513248540502,0.489289140806762,0.5020373406954254,7.73774501913167,2.5121451088077933,0.24752830542328533,1167.9733900485485,0.49941581825762943,False,0.51115321078809,10.339709914219613,1.0539927863266856,0.9064622673649089,0.9064622673649089,0.3246611386904691,0.09853264628521265,0.031989721141142353,0.2730707215677621,0.13166613492051166,0.328731427490937,1.0,2.823026557437671,0.0008561838895648415,9.741322746610469e-05,0.49941581825762943,0.5164727886889191,fem_training_design,D012
C037,-1,D013,0.3879872900298088,4.466559451377959,7.79441049456347,2.692222594170026,9.412597482155505,0.682518425309699,0.6442773341541,7.9,3.88274955055101,0.15,0.13581712601643275,1800.9813733016508,True,0.0,11.973444609864869,1.4849561214008211,1.1158947288488916,1.1158947288488916,0.4914872848798747,0.038632417066074516,0.018987341772151896,0.13442128197409217,0.05855229188428372,0.13581712601643275,1.0,1.076401158743041e-15,0.0005552528276107315,5.439035363177896e-07,0.4829289191650295,0.49998588959631923,fem_training_design,D013
C038,-1,D013,0.3879872900298088,4.466559451377959,7.79441049456347,2.692222594170026,9.412597482155505,0.682518425309699,0.6442773341541,7.9,3.88274955055101,0.15,0.13581712601643275,0.4829289191650295,True,0.0,11.973444609864869,1.4849561214008211,1.1158947288488916,1.1158947288488916,0.4914872848798747,0.038632417066074516,0.018987341772151896,0.13442128197409217,0.05855229188428372,0.13581712601643275,1.0,1.076401158743041e-15,0.0005552528276107315,5.439035363177896e-07,0.4829289191650295,0.49998588959631923,fem_training_design,D013
C039,-1,D013,0.3879872900298088,4.466559451377959,7.79441049456347,2.692222594170026,9.412597482155505,0.682518425309699,0.6442773341541,7.9,3.88274955055101,0.15,1800.9813733016508,0.4829289191650295,True,0.0,11.973444609864869,1.4849561214008211,1.1158947288488916,1.1158947288488916,0.4914872848798747,0.038632417066074516,0.018987341772151896,0.13442128197409217,0.05855229188428372,0.13581712601643275,1.0,1.076401158743041e-15,0.0005552528276107315,5.439035363177896e-07,0.4829289191650295,0.49998588959631923,fem_training_design,D013
C037,-1,D014,0.10064147361815257,10.0,7.034673166734111,9.888797118018996,7.034531507223571,0.07250756834812719,0.21706215382132046,7.9,2.321744565896214,0.15,0.20590927299947934,3131.4750882953144,True,0.0,9.378286744453543,0.9359037624191131,1.0804681890894698,0.9359037624191131,0.2938917172020524,0.06460659032148898,0.018987341772151896,0.16027288918283836,0.07669609235650136,0.20590927299947934,1.0,5.146695064128463e-15,0.0003193383219741248,7.993515787875978e-07,0.3714584016130228,0.3885153720443125,fem_training_design,D014
C038,-1,D014,0.10064147361815257,10.0,7.034673166734111,9.888797118018996,7.034531507223571,0.07250756834812719,0.21706215382132046,7.9,2.321744565896214,0.15,0.20590927299947934,0.3714584016130228,False,0.29888312427565983,9.378286744453543,0.9359037624191131,1.0804681890894698,0.9359037624191131,0.2938917172020524,0.06460659032148898,0.018987341772151896,0.16027288918283836,0.07669609235650136,0.20590927299947934,1.0,5.146695064128463e-15,0.0003193383219741248,7.993515787875978e-07,0.3714584016130228,0.3885153720443125,fem_training_design,D014
C039,-1,D014,0.10064147361815257,10.0,7.034673166734111,9.888797118018996,7.034531507223571,0.07250756834812719,0.21706215382132046,7.9,2.321744565896214,0.15,3131.4750882953144,0.3714584016130228,True,0.0,9.378286744453543,0.9359037624191131,1.0804681890894698,0.9359037624191131,0.2938917172020524,0.06460659032148898,0.018987341772151896,0.16027288918283836,0.07669609235650136,0.20590927299947934,1.0,5.146695064128463e-15,0.0003193383219741248,7.993515787875978e-07,0.3714584016130228,0.3885153720443125,fem_training_design,D014
C037,-1,D015,9.43382736487971,0.10559588798682557,5.173994118046316,0.10010549666620903,0.10615202713658714,0.0,0.04171446713347611,7.637656582662695,3.7752784945524853,0.15,0.1436636028169305,1804.4167985354975,True,0.0,12.340931115600057,1.0104017784185877,1.0709106097016323,1.0104017784185877,0.4942980158498198,0.039732168160955955,0.019639531887371914,0.14845579570808934,0.06419926649501859,0.1436636028169305,1.0,3.367930670376554e-15,0.0005541956829550806,7.116461316332259e-07,0.5040411671951042,0.5210981376263939,fem_training_design,D015
C038,-1,D015,9.43382736487971,0.10559588798682557,5.173994118046316,0.10010549666620903,0.10615202713658714,0.0,0.04171446713347611,7.637656582662695,3.7752784945524853,0.15,0.1436636028169305,0.5040411671951042,True,0.0,12.340931115600057,1.0104017784185877,1.0709106097016323,1.0104017784185877,0.4942980158498198,0.039732168160955955,0.019639531887371914,0.14845579570808934,0.06419926649501859,0.1436636028169305,1.0,3.367930670376554e-15,0.0005541956829550806,7.116461316332259e-07,0.5040411671951042,0.5210981376263939,fem_training_design,D015
C039,-1,D015,9.43382736487971,0.10559588798682557,5.173994118046316,0.10010549666620903,0.10615202713658714,0.0,0.04171446713347611,7.637656582662695,3.7752784945524853,0.15,1804.4167985354975,0.5040411671951042,True,0.0,12.340931115600057,1.0104017784185877,1.0709106097016323,1.0104017784185877,0.4942980158498198,0.039732168160955955,0.019639531887371914,0.14845579570808934,0.06419926649501859,0.1436636028169305,1.0,3.367930670376554e-15,0.0005541956829550806,7.116461316332259e-07,0.5040411671951042,0.5210981376263939,fem_training_design,D015
C037,-1,D016,0.1,0.1,10.0,1.1749764835148737,9.641228269420028,0.04462201990158052,0.032753981238994215,7.9,2.328434304018882,0.15389175971973376,0.21738095291762127,3225.344070799026,True,0.0,10.183473208770517,1.1498551885135184,0.9060697257471388,0.9060697257471388,0.294738519496061,0.06609237780688777,0.019479969584776425,0.16984538313851694,0.08519619730384567,0.21738095291762127,1.0,2.084712675548622,0.0003100444411663238,3.5257978453129376e-05,0.4436476847969223,0.460704655228212,fem_training_design,D016
C038,-1,D016,0.1,0.1,10.0,1.1749764835148737,9.641228269420028,0.04462201990158052,0.032753981238994215,7.9,2.328434304018882,0.15389175971973376,0.21738095291762127,0.4436476847969223,False,0.3192881186873478,10.183473208770517,1.1498551885135184,0.9060697257471388,0.9060697257471388,0.294738519496061,0.06609237780688777,0.019479969584776425,0.16984538313851694,0.08519619730384567,0.21738095291762127,1.0,2.084712675548622,0.0003100444411663238,3.5257978453129376e-05,0.4436476847969223,0.460704655228212,fem_training_design,D016
C039,-1,D016,0.1,0.1,10.0,1.1749764835148737,9.641228269420028,0.04462201990158052,0.032753981238994215,7.9,2.328434304018882,0.15389175971973376,3225.344070799026,0.4436476847969223,True,0.0,10.183473208770517,1.1498551885135184,0.9060697257471388,0.9060697257471388,0.294738519496061,0.06609237780688777,0.019479969584776425,0.16984538313851694,0.08519619730384567,0.21738095291762127,1.0,2.084712675548622,0.0003100444411663238,3.5257978453129376e-05,0.4436476847969223,0.460704655228212,fem_training_design,D016
C037,-1,D017,9.129491835741012,6.482197581873014,9.81009963377587,0.10063132231600413,0.1010516830490019,0.029834269045312473,0.026982063711843016,7.9,2.4489984285186015,0.15,0.20080052559245942,2775.6957675703193,True,0.0,10.099369038739834,0.9368919562136068,2.785954438089497,0.9368919562136068,0.309999801078304,0.0612495288903615,0.018987341772151896,0.1601038401548628,0.07830146781173644,0.20080052559245942,1.0,8.363598243587769e-16,0.00036027003091745213,9.060163755138265e-07,0.3923468650921328,0.4094038355234225,fem_training_design,D017
C038,-1,D017,9.129491835741012,6.482197581873014,9.81009963377587,0.10063132231600413,0.1010516830490019,0.029834269045312473,0.026982063711843016,7.9,2.4489984285186015,0.15,0.20080052559245942,0.3923468650921328,False,0.20901632809850376,10.099369038739834,0.9368919562136068,2.785954438089497,0.9368919562136068,0.309999801078304,0.0612495288903615,0.018987341772151896,0.1601038401548628,0.07830146781173644,0.20080052559245942,1.0,8.363598243587769e-16,0.00036027003091745213,9.060163755138265e-07,0.3923468650921328,0.4094038355234225,fem_training_design,D017
C039,-1,D017,9.129491835741012,6.482197581873014,9.81009963377587,0.10063132231600413,0.1010516830490019,0.029834269045312473,0.026982063711843016,7.9,2.4489984285186015,0.15,2775.6957675703193,0.3923468650921328,True,0.0,10.099369038739834,0.9368919562136068,2.785954438089497,0.9368919562136068,0.309999801078304,0.0612495288903615,0.018987341772151896,0.1601038401548628,0.07830146781173644,0.20080052559245942,1.0,8.363598243587769e-16,0.00036027003091745213,9.060163755138265e-07,0.3923468650921328,0.4094038355234225,fem_training_design,D017
C037,-1,D018,2.697649645193721,0.1033440582822358,9.128753729433546,4.934659849377289,9.980094937319265,0.9578987523150955,1.0,7.9,3.9436810309064474,0.25,0.22571490523313137,744.4188707557234,True,0.0,12.328663849079595,1.1985882542775073,1.3400808663399708,1.1985882542775073,0.49920013049448697,0.06339255077699273,0.03164556962025316,0.20857871675932332,0.09892980367914592,0.22571490523313137,1.0,1.9311578765889244e-15,0.0013433297291144894,4.320352113688641e-07,0.6141390767424495,0.6311960471737392,fem_training_design,D018
C038,-1,D018,2.697649645193721,0.1033440582822358,9.128753729433546,4.934659849377289,9.980094937319265,0.9578987523150955,1.0,7.9,3.9436810309064474,0.25,0.22571490523313137,0.6141390767424495,True,0.0,12.328663849079595,1.1985882542775073,1.3400808663399708,1.1985882542775073,0.49920013049448697,0.06339255077699273,0.03164556962025316,0.20857871675932332,0.09892980367914592,0.22571490523313137,1.0,1.9311578765889244e-15,0.0013433297291144894,4.320352113688641e-07,0.6141390767424495,0.6311960471737392,fem_training_design,D018
C039,-1,D018,2.697649645193721,0.1033440582822358,9.128753729433546,4.934659849377289,9.980094937319265,0.9578987523150955,1.0,7.9,3.9436810309064474,0.25,744.4188707557234,0.6141390767424495,False,0.03759414294265995,12.328663849079595,1.1985882542775073,1.3400808663399708,1.1985882542775073,0.49920013049448697,0.06339255077699273,0.03164556962025316,0.20857871675932332,0.09892980367914592,0.22571490523313137,1.0,1.9311578765889244e-15,0.0013433297291144894,4.320352113688641e-07,0.6141390767424495,0.6311960471737392,fem_training_design,D018
C037,-1,D019,0.1,7.282067016225084,8.624210422758395,0.1,9.75785068546977,0.0006150252006420464,0.0,7.9,3.985719848001371,0.1917196655168828,0.17121764438162468,1052.0551795595472,True,0.0,12.320025858746986,1.0227253812168708,1.713814714676587,1.0227253812168708,0.504521499747009,0.04810164106567102,0.02426831209074466,0.1874595752075388,0.07501436225028264,0.17121764438162468,1.0,1.7040636463207609e-15,0.0009505204854546312,4.928545494518535e-07,0.5532923646412579,0.5703493350725476,fem_training_design,D019
C038,-1,D019,0.1,7.282067016225084,8.624210422758395,0.1,9.75785068546977,0.0006150252006420464,0.0,7.9,3.985719848001371,0.1917196655168828,0.17121764438162468,0.5532923646412579,True,0.0,12.320025858746986,1.0227253812168708,1.713814714676587,1.0227253812168708,0.504521499747009,0.04810164106567102,0.02426831209074466,0.1874595752075388,0.07501436225028264,0.17121764438162468,1.0,1.7040636463207609e-15,0.0009505204854546312,4.928545494518535e-07,0.5532923646412579,0.5703493350725476,fem_training_design,D019
C039,-1,D019,0.1,7.282067016225084,8.624210422758395,0.1,9.75785068546977,0.0006150252006420464,0.0,7.9,3.985719848001371,0.1917196655168828,1052.0551795595472,0.5532923646412579,True,0.0,12.320025858746986,1.0227253812168708,1.713814714676587,1.0227253812168708,0.504521499747009,0.04810164106567102,0.02426831209074466,0.1874595752075388,0.07501436225028264,0.17121764438162468,1.0,1.7040636463207609e-15,0.0009505204854546312,4.928545494518535e-07,0.5532923646412579,0.5703493350725476,fem_training_design,D019
C037,-1,D020,9.79950634014364,0.10322564925283662,9.916407083719665,0.1,0.1,0.0904491072133062,0.2527712082739443,7.9,4.0,0.2457124076381794,0.22297941538820235,710.8896595447451,True,0.0,12.876409115826618,1.0523701052429542,1.7260327137262361,1.0523701052429542,0.5063291139240506,0.06142810190954485,0.031102836409896126,0.23348478488131635,0.10012321156911262,0.22297941538820235,1.0,1.0793652094170458,0.001406688065543676,3.854746109734435e-05,0.6245825647015728,0.6416395351328625,fem_training_design,D020
C038,-1,D020,9.79950634014364,0.10322564925283662,9.916407083719665,0.1,0.1,0.0904491072133062,0.2527712082739443,7.9,4.0,0.2457124076381794,0.22297941538820235,0.6245825647015728,True,0.0,12.876409115826618,1.0523701052429542,1.7260327137262361,1.0523701052429542,0.5063291139240506,0.06142810190954485,0.031102836409896126,0.23348478488131635,0.10012321156911262,0.22297941538820235,1.0,1.0793652094170458,0.001406688065543676,3.854746109734435e-05,0.6245825647015728,0.6416395351328625,fem_training_design,D020
C039,-1,D020,9.79950634014364,0.10322564925283662,9.916407083719665,0.1,0.1,0.0904491072133062,0.2527712082739443,7.9,4.0,0.2457124076381794,710.8896595447451,0.6245825647015728,False,0.02501930550227961,12.876409115826618,1.0523701052429542,1.7260327137262361,1.0523701052429542,0.5063291139240506,0.06142810190954485,0.031102836409896126,0.23348478488131635,0.10012321156911262,0.22297941538820235,1.0,1.0793652094170458,0.001406688065543676,3.854746109734435e-05,0.6245825647015728,0.6416395351328625,fem_training_design,D020
C037,-1,D021,1.1665804872812702,0.10563857802487393,8.877102189144424,0.1024226233212541,9.956279973836056,0.22504568510242795,0.07056409252420025,7.888999833942273,3.9932691995032394,0.15,0.1363745120887381,1745.1327062325502,True,0.0,12.863284491716275,1.6390923770000423,1.0101070830844256,1.0101070830844256,0.5061819347900445,0.03756320761411725,0.019013817107034002,0.148499107185711,0.0612480968605036,0.1363745120887381,1.0,3.162187260624919e-15,0.0005730223245651231,5.714707383955006e-07,0.4962074437072402,0.5132644141385299,fem_training_design,D021
C038,-1,D021,1.1665804872812702,0.10563857802487393,8.877102189144424,0.1024226233212541,9.956279973836056,0.22504568510242795,0.07056409252420025,7.888999833942273,3.9932691995032394,0.15,0.1363745120887381,0.4962074437072402,True,0.0,12.863284491716275,1.6390923770000423,1.0101070830844256,1.0101070830844256,0.5061819347900445,0.03756320761411725,0.019013817107034002,0.148499107185711,0.0612480968605036,0.1363745120887381,1.0,3.162187260624919e-15,0.0005730223245651231,5.714707383955006e-07,0.4962074437072402,0.5132644141385299,fem_training_design,D021
C039,-1,D021,1.1665804872812702,0.10563857802487393,8.877102189144424,0.1024226233212541,9.956279973836056,0.22504568510242795,0.07056409252420025,7.888999833942273,3.9932691995032394,0.15,1745.1327062325502,0.4962074437072402,True,0.0,12.863284491716275,1.6390923770000423,1.0101070830844256,1.0101070830844256,0.5061819347900445,0.03756320761411725,0.019013817107034002,0.148499107185711,0.0612480968605036,0.1363745120887381,1.0,3.162187260624919e-15,0.0005730223245651231,5.714707383955006e-07,0.4962074437072402,0.5132644141385299,fem_training_design,D021
C037,-1,D022,0.10650395637098312,0.1,5.579498218408838,10.0,8.945755941943109,0.009793759138683623,0.21954124153741536,7.858881432453969,2.297708700366132,0.19388863009318627,0.2732351689976981,1819.504157074383,True,0.0,9.729434679627488,1.0816911823877868,0.9158168436381274,0.9158168436381274,0.29237095890994536,0.08438346865392066,0.0246712756464941,0.21171114228796464,0.10446823168985679,0.2732351689976981,1.0,3.412920201770619e-15,0.0005496002831935926,6.095752709489209e-07,0.4344909722149989,0.4515479426462886,fem_training_design,D022
C038,-1,D022,0.10650395637098312,0.1,5.579498218408838,10.0,8.945755941943109,0.009793759138683623,0.21954124153741536,7.858881432453969,2.297708700366132,0.19388863009318627,0.2732351689976981,0.4344909722149989,True,0.0,9.729434679627488,1.0816911823877868,0.9158168436381274,0.9158168436381274,0.29237095890994536,0.08438346865392066,0.0246712756464941,0.21171114228796464,0.10446823168985679,0.2732351689976981,1.0,3.412920201770619e-15,0.0005496002831935926,6.095752709489209e-07,0.4344909722149989,0.4515479426462886,fem_training_design,D022
C039,-1,D022,0.10650395637098312,0.1,5.579498218408838,10.0,8.945755941943109,0.009793759138683623,0.21954124153741536,7.858881432453969,2.297708700366132,0.19388863009318627,1819.504157074383,0.4344909722149989,False,0.2560411582262892,9.729434679627488,1.0816911823877868,0.9158168436381274,0.9158168436381274,0.29237095890994536,0.08438346865392066,0.0246712756464941,0.21171114228796464,0.10446823168985679,0.2732351689976981,1.0,3.412920201770619e-15,0.0005496002831935926,6.095752709489209e-07,0.4344909722149989,0.4515479426462886,fem_training_design,D022
C037,-1,D023,6.016844175739362,0.10302619685828861,10.0,0.1,0.1,0.003564961603461203,0.0,6.495178189637285,3.8833026629297573,0.15,0.1462064539996622,1172.5251948375528,True,0.0,11.594495481314985,0.943836259928668,0.940233769807041,0.940233769807041,0.5978746925104168,0.03862691451580869,0.02309405463876528,0.15953479317253588,0.06895262496804483,0.1462064539996622,1.0,5.411696693859521e-15,0.0008528601384455067,9.142256714116275e-07,0.5658236542117007,0.5828806246429904,fem_training_design,D023
C038,-1,D023,6.016844175739362,0.10302619685828861,10.0,0.1,0.1,0.003564961603461203,0.0,6.495178189637285,3.8833026629297573,0.15,0.1462064539996622,0.5658236542117007,True,0.0,11.594495481314985,0.943836259928668,0.940233769807041,0.940233769807041,0.5978746925104168,0.03862691451580869,0.02309405463876528,0.15953479317253588,0.06895262496804483,0.1462064539996622,1.0,5.411696693859521e-15,0.0008528601384455067,9.142256714116275e-07,0.5658236542117007,0.5828806246429904,fem_training_design,D023
C039,-1,D023,6.016844175739362,0.10302619685828861,10.0,0.1,0.1,0.003564961603461203,0.0,6.495178189637285,3.8833026629297573,0.15,1172.5251948375528,0.5658236542117007,True,0.0,11.594495481314985,0.943836259928668,0.940233769807041,0.940233769807041,0.5978746925104168,0.03862691451580869,0.02309405463876528,0.15953479317253588,0.06895262496804483,0.1462064539996622,1.0,5.411696693859521e-15,0.0008528601384455067,9.142256714116275e-07,0.5658236542117007,0.5828806246429904,fem_training_design,D023
C037,-1,D024,1.7077440481106312,8.686909501211597,7.962472263623619,5.573273138157174,6.289068977271248,0.7872045303718666,0.8022366920171035,7.9,2.6934086114956237,0.15,0.1817033241431428,2469.0263419950224,True,0.0,9.975135027184798,1.3531461484964606,1.589099076887855,1.3531461484964606,0.3409377989234967,0.05569151273957888,0.018987341772151896,0.11085277090480691,0.07032029866398502,0.1817033241431428,1.0,1.5808921545154564,0.0004050179550502406,1.6036215916010593e-05,0.41136028034185596,0.4284172507731457,fem_training_design,D024
C038,-1,D024,1.7077440481106312,8.686909501211597,7.962472263623619,5.573273138157174,6.289068977271248,0.7872045303718666,0.8022366920171035,7.9,2.6934086114956237,0.15,0.1817033241431428,0.41136028034185596,False,0.11077091687074461,9.975135027184798,1.3531461484964606,1.589099076887855,1.3531461484964606,0.3409377989234967,0.05569151273957888,0.018987341772151896,0.11085277090480691,0.07032029866398502,0.1817033241431428,1.0,1.5808921545154564,0.0004050179550502406,1.6036215916010593e-05,0.41136028034185596,0.4284172507731457,fem_training_design,D024
C039,-1,D024,1.7077440481106312,8.686909501211597,7.962472263623619,5.573273138157174,6.289068977271248,0.7872045303718666,0.8022366920171035,7.9,2.6934086114956237,0.15,2469.0263419950224,0.41136028034185596,True,0.0,9.975135027184798,1.3531461484964606,1.589099076887855,1.3531461484964606,0.3409377989234967,0.05569151273957888,0.018987341772151896,0.11085277090480691,0.07032029866398502,0.1817033241431428,1.0,1.5808921545154564,0.0004050179550502406,1.6036215916010593e-05,0.41136028034185596,0.4284172507731457,fem_training_design,D024
C037,-1,D025,0.1,3.057345169743353,3.6686097543489193,2.0852344571915404,8.09069491669518,0.1969603759343993,0.0,7.9,2.2732754450816235,0.15,0.2127105234339016,3376.4891096645174,True,0.0,9.666946117858048,1.1793221023360945,0.9460994160425867,0.9460994160425867,0.28775638545337007,0.06598408491348225,0.018987341772151896,0.15854570614516483,0.08074235360693709,0.2127105234339016,1.0,2.631954563432281e-15,0.0002961656227877952,1.3755790122655085e-06,0.35986491015883576,0.3769218805901255,fem_training_design,D025
C038,-1,D025,0.1,3.057345169743353,3.6686097543489193,2.0852344571915404,8.09069491669518,0.1969603759343993,0.0,7.9,2.2732754450816235,0.15,0.2127105234339016,0.35986491015883576,False,0.3497594812226841,9.666946117858048,1.1793221023360945,0.9460994160425867,0.9460994160425867,0.28775638545337007,0.06598408491348225,0.018987341772151896,0.15854570614516483,0.08074235360693709,0.2127105234339016,1.0,2.631954563432281e-15,0.0002961656227877952,1.3755790122655085e-06,0.35986491015883576,0.3769218805901255,fem_training_design,D025
C039,-1,D025,0.1,3.057345169743353,3.6686097543489193,2.0852344571915404,8.09069491669518,0.1969603759343993,0.0,7.9,2.2732754450816235,0.15,3376.4891096645174,0.35986491015883576,True,0.0,9.666946117858048,1.1793221023360945,0.9460994160425867,0.9460994160425867,0.28775638545337007,0.06598408491348225,0.018987341772151896,0.15854570614516483,0.08074235360693709,0.2127105234339016,1.0,2.631954563432281e-15,0.0002961656227877952,1.3755790122655085e-06,0.35986491015883576,0.3769218805901255,fem_training_design,D025
C037,-1,D026,0.2889242006308545,0.10297431329482598,9.53075724125378,3.9911848197794444,5.506557500645446,0.020648734380797965,0.02487563416027695,7.9,3.9510172913532147,0.23927699786792248,0.21603438936667682,766.7691779286426,True,0.0,12.381101245043237,1.333915482652026,0.9067439762550498,0.9067439762550498,0.500128771057369,0.060560858184948774,0.030288227578218033,0.26388595252230096,0.09491267299677926,0.21603438936667682,1.0,4.752773839432207e-15,0.0013041734446100316,3.756573152651165e-07,0.6153842034499903,0.6324411738812801,fem_training_design,D026
C038,-1,D026,0.2889242006308545,0.10297431329482598,9.53075724125378,3.9911848197794444,5.506557500645446,0.020648734380797965,0.02487563416027695,7.9,3.9510172913532147,0.23927699786792248,0.21603438936667682,0.6153842034499903,True,0.0,12.381101245043237,1.333915482652026,0.9067439762550498,0.9067439762550498,0.500128771057369,0.060560858184948774,0.030288227578218033,0.26388595252230096,0.09491267299677926,0.21603438936667682,1.0,4.752773839432207e-15,0.0013041734446100316,3.756573152651165e-07,0.6153842034499903,0.6324411738812801,fem_training_design,D026
C039,-1,D026,0.2889242006308545,0.10297431329482598,9.53075724125378,3.9911848197794444,5.506557500645446,0.020648734380797965,0.02487563416027695,7.9,3.9510172913532147,0.23927699786792248,766.7691779286426,0.6153842034499903,True,0.0,12.381101245043237,1.333915482652026,0.9067439762550498,0.9067439762550498,0.500128771057369,0.060560858184948774,0.030288227578218033,0.26388595252230096,0.09491267299677926,0.21603438936667682,1.0,4.752773839432207e-15,0.0013041734446100316,3.756573152651165e-07,0.6153842034499903,0.6324411738812801,fem_training_design,D026
C037,-1,D027,6.134083721143505,3.7082603963942145,5.025693498328904,3.4852859505171323,0.1,0.0,0.0,7.9,3.0623170455838746,0.15,0.16349020125651964,2257.190783973217,True,0.0,10.568031718272326,1.4128352786583156,1.438436048742232,1.4128352786583156,0.38763506906124995,0.04898251806301798,0.018987341772151896,0.10616948929987503,0.06552516513048369,0.16349020125651964,1.0,5.193260302470992e-15,0.00044302856767816114,8.836334638321624e-07,0.43122096082510913,0.44827793125639886,fem_training_design,D027
C038,-1,D027,6.134083721143505,3.7082603963942145,5.025693498328904,3.4852859505171323,0.1,0.0,0.0,7.9,3.0623170455838746,0.15,0.16349020125651964,0.43122096082510913,False,0.02731747537550437,10.568031718272326,1.4128352786583156,1.438436048742232,1.4128352786583156,0.38763506906124995,0.04898251806301798,0.018987341772151896,0.10616948929987503,0.06552516513048369,0.16349020125651964,1.0,5.193260302470992e-15,0.00044302856767816114,8.836334638321624e-07,0.43122096082510913,0.44827793125639886,fem_training_design,D027
C039,-1,D027,6.134083721143505,3.7082603963942145,5.025693498328904,3.4852859505171323,0.1,0.0,0.0,7.9,3.0623170455838746,0.15,2257.190783973217,0.43122096082510913,True,0.0,10.568031718272326,1.4128352786583156,1.438436048742232,1.4128352786583156,0.38763506906124995,0.04898251806301798,0.018987341772151896,0.10616948929987503,0.06552516513048369,0.16349020125651964,1.0,5.193260302470992e-15,0.00044302856767816114,8.836334638321624e-07,0.43122096082510913,0.44827793125639886,fem_training_design,D027
C037,-1,D028,7.835482387570096,1.0228640071807436,8.851456748960214,2.3645405015164846,10.0,0.03880163709899424,0.0,7.9,2.2473732506021,0.15,0.21791243330790536,3471.925265504463,True,0.0,9.9924768757295,1.0843848206303648,0.9241731482234162,0.9241731482234162,0.2844776266584937,0.06674458724638334,0.018987341772151896,0.16230724760652526,0.0844232588151387,0.21791243330790536,1.0,1.176768997458759,0.0002880246328846892,7.101958245332877e-06,0.3926773011214579,0.4097342715527476,fem_training_design,D028
C038,-1,D028,7.835482387570096,1.0228640071807436,8.851456748960214,2.3645405015164846,10.0,0.03880163709899424,0.0,7.9,2.2473732506021,0.15,0.21791243330790536,0.3926773011214579,False,0.3676332690314381,9.9924768757295,1.0843848206303648,0.9241731482234162,0.9241731482234162,0.2844776266584937,0.06674458724638334,0.018987341772151896,0.16230724760652526,0.0844232588151387,0.21791243330790536,1.0,1.176768997458759,0.0002880246328846892,7.101958245332877e-06,0.3926773011214579,0.4097342715527476,fem_training_design,D028
C039,-1,D028,7.835482387570096,1.0228640071807436,8.851456748960214,2.3645405015164846,10.0,0.03880163709899424,0.0,7.9,2.2473732506021,0.15,3471.925265504463,0.3926773011214579,False,0.0017267767103447075,9.9924768757295,1.0843848206303648,0.9241731482234162,0.9241731482234162,0.2844776266584937,0.06674458724638334,0.018987341772151896,0.16230724760652526,0.0844232588151387,0.21791243330790536,1.0,1.176768997458759,0.0002880246328846892,7.101958245332877e-06,0.3926773011214579,0.4097342715527476,fem_training_design,D028
C037,-1,D029,0.1,0.1,8.046503125414295,1.5937911155217175,10.0,0.7513384165688883,0.7033518654465928,7.9,3.95707938477383,0.2129728066638594,0.19381593874059835,904.824277373239,True,0.0,12.649012033014342,1.9852423566147335,0.9247442126371584,0.9247442126371584,0.5008961246549152,0.053820706120615784,0.026958583122007516,0.23030455746947556,0.08617452649936679,0.19381593874059835,1.0,5.190812103510893e-15,0.0011051869683504315,4.87360597442204e-07,0.5898146583812174,0.6068716288125071,fem_training_design,D029
C038,-1,D029,0.1,0.1,8.046503125414295,1.5937911155217175,10.0,0.7513384165688883,0.7033518654465928,7.9,3.95707938477383,0.2129728066638594,0.19381593874059835,0.5898146583812174,True,0.0,12.649012033014342,1.9852423566147335,0.9247442126371584,0.9247442126371584,0.5008961246549152,0.053820706120615784,0.026958583122007516,0.23030455746947556,0.08617452649936679,0.19381593874059835,1.0,5.190812103510893e-15,0.0011051869683504315,4.87360597442204e-07,0.5898146583812174,0.6068716288125071,fem_training_design,D029
C039,-1,D029,0.1,0.1,8.046503125414295,1.5937911155217175,10.0,0.7513384165688883,0.7033518654465928,7.9,3.95707938477383,0.2129728066638594,904.824277373239,0.5898146583812174,True,0.0,12.649012033014342,1.9852423566147335,0.9247442126371584,0.9247442126371584,0.5008961246549152,0.053820706120615784,0.026958583122007516,0.23030455746947556,0.08617452649936679,0.19381593874059835,1.0,5.190812103510893e-15,0.0011051869683504315,4.87360597442204e-07,0.5898146583812174,0.6068716288125071,fem_training_design,D029
C037,-1,D030,0.1,0.10732263211812246,9.973974713498015,9.230708928171534,9.773608897053915,0.02482925821219395,0.0,7.8370006320654655,2.7247985422105816,0.15,0.18308058583125617,2219.271286101141,True,0.0,10.389653503004473,2.5449757930490966,0.9536367220273599,0.9536367220273599,0.34768384872420927,0.055049941372292285,0.019139975488360658,0.15729260056293898,0.07298070308667161,0.18308058583125617,1.0,5.1253960277662346e-15,0.00045059835913833655,6.431204221434739e-07,0.4440785465924807,0.4611355170237704,fem_training_design,D030
C038,-1,D030,0.1,0.10732263211812246,9.973974713498015,9.230708928171534,9.773608897053915,0.02482925821219395,0.0,7.8370006320654655,2.7247985422105816,0.15,0.18308058583125617,0.4440785465924807,False,0.010697770901473171,10.389653503004473,2.5449757930490966,0.9536367220273599,0.9536367220273599,0.34768384872420927,0.055049941372292285,0.019139975488360658,0.15729260056293898,0.07298070308667161,0.18308058583125617,1.0,5.1253960277662346e-15,0.00045059835913833655,6.431204221434739e-07,0.4440785465924807,0.4611355170237704,fem_training_design,D030
C039,-1,D030,0.1,0.10732263211812246,9.973974713498015,9.230708928171534,9.773608897053915,0.02482925821219395,0.0,7.8370006320654655,2.7247985422105816,0.15,2219.271286101141,0.4440785465924807,True,0.0,10.389653503004473,2.5449757930490966,0.9536367220273599,0.9536367220273599,0.34768384872420927,0.055049941372292285,0.019139975488360658,0.15729260056293898,0.07298070308667161,0.18308058583125617,1.0,5.1253960277662346e-15,0.00045059835913833655,6.431204221434739e-07,0.4440785465924807,0.4611355170237704,fem_training_design,D030
C037,-1,D031,2.5142784405033494,10.0,6.357147989915217,2.4879840998470506,5.437655039552828,1.0,1.0,7.9,2.784435869528017,0.15,0.17749096066681488,2253.3010358174247,True,0.0,10.22850906294373,1.0000696316425772,1.2610425864272932,1.0000696316425772,0.3524602366491161,0.05387087619490627,0.018987341772151896,0.14998955598084762,0.06974920827700233,0.17749096066681488,1.0,4.334848703403313e-15,0.00044379334323486533,6.028297624310801e-07,0.41733748619763994,0.43439445662892967,fem_training_design,D031
C038,-1,D031,2.5142784405033494,10.0,6.357147989915217,2.4879840998470506,5.437655039552828,1.0,1.0,7.9,2.784435869528017,0.15,0.17749096066681488,0.41733748619763994,False,0.025638387674310047,10.22850906294373,1.0000696316425772,1.2610425864272932,1.0000696316425772,0.3524602366491161,0.05387087619490627,0.018987341772151896,0.14998955598084762,0.06974920827700233,0.17749096066681488,1.0,4.334848703403313e-15,0.00044379334323486533,6.028297624310801e-07,0.41733748619763994,0.43439445662892967,fem_training_design,D031
C039,-1,D031,2.5142784405033494,10.0,6.357147989915217,2.4879840998470506,5.437655039552828,1.0,1.0,7.9,2.784435869528017,0.15,2253.3010358174247,0.41733748619763994,True,0.0,10.22850906294373,1.0000696316425772,1.2610425864272932,1.0000696316425772,0.3524602366491161,0.05387087619490627,0.018987341772151896,0.14998955598084762,0.06974920827700233,0.17749096066681488,1.0,4.334848703403313e-15,0.00044379334323486533,6.028297624310801e-07,0.41733748619763994,0.43439445662892967,fem_training_design,D031
C037,-1,D032,0.15774365444090732,0.10514395819454302,10.0,0.1,9.035648037004448,1.0,1.0,7.866404255751125,3.9615041515031657,0.2463333749526157,0.22542286574682296,669.1894824783329,True,0.0,12.784667572936815,1.3766937636325114,1.3777780944248101,1.3766937636325114,0.5035978348820442,0.0621817788223562,0.03131460918405273,0.17893113302311062,0.10105930810211053,0.22542286574682296,1.0,1.8636605965392001,0.0014943450639668086,0.00010922234949300221,0.6247353933440645,0.6417923637753542,fem_training_design,D032
C038,-1,D032,0.15774365444090732,0.10514395819454302,10.0,0.1,9.035648037004448,1.0,1.0,7.866404255751125,3.9615041515031657,0.2463333749526157,0.22542286574682296,0.6247353933440645,True,0.0,12.784667572936815,1.3766937636325114,1.3777780944248101,1.3766937636325114,0.5035978348820442,0.0621817788223562,0.03131460918405273,0.17893113302311062,0.10105930810211053,0.22542286574682296,1.0,1.8636605965392001,0.0014943450639668086,0.00010922234949300221,0.6247353933440645,0.6417923637753542,fem_training_design,D032
C039,-1,D032,0.15774365444090732,0.10514395819454302,10.0,0.1,9.035648037004448,1.0,1.0,7.866404255751125,3.9615041515031657,0.2463333749526157,669.1894824783329,0.6247353933440645,False,0.03625165977705505,12.784667572936815,1.3766937636325114,1.3777780944248101,1.3766937636325114,0.5035978348820442,0.0621817788223562,0.03131460918405273,0.17893113302311062,0.10105930810211053,0.22542286574682296,1.0,1.8636605965392001,0.0014943450639668086,0.00010922234949300221,0.6247353933440645,0.6417923637753542,fem_training_design,D032
C037,-1,D033,0.24083998161729578,3.363682571518929,10.0,0.1,5.948284419248143,0.0,0.042862014332392784,7.9,4.0,0.19768246693400882,0.17717881412944658,1064.434776882465,True,0.0,12.522443630570148,0.9323435971280599,1.418572180160219,0.9323435971280599,0.5063291139240506,0.049420616733502204,0.02502309708025428,0.21202748379775335,0.07833758066244217,0.17717881412944658,1.0,9.485749680535094e-16,0.0009394657349779733,7.750470320116986e-07,0.5613090348794365,0.5783660053107262,fem_training_design,D033
C038,-1,D033,0.24083998161729578,3.363682571518929,10.0,0.1,5.948284419248143,0.0,0.042862014332392784,7.9,4.0,0.19768246693400882,0.17717881412944658,0.5613090348794365,True,0.0,12.522443630570148,0.9323435971280599,1.418572180160219,0.9323435971280599,0.5063291139240506,0.049420616733502204,0.02502309708025428,0.21202748379775335,0.07833758066244217,0.17717881412944658,1.0,9.485749680535094e-16,0.0009394657349779733,7.750470320116986e-07,0.5613090348794365,0.5783660053107262,fem_training_design,D033
C039,-1,D033,0.24083998161729578,3.363682571518929,10.0,0.1,5.948284419248143,0.0,0.042862014332392784,7.9,4.0,0.19768246693400882,1064.434776882465,0.5613090348794365,True,0.0,12.522443630570148,0.9323435971280599,1.418572180160219,0.9323435971280599,0.5063291139240506,0.049420616733502204,0.02502309708025428,0.21202748379775335,0.07833758066244217,0.17717881412944658,1.0,9.485749680535094e-16,0.0009394657349779733,7.750470320116986e-07,0.5613090348794365,0.5783660053107262,fem_training_design,D033
C037,-1,D034,0.5469423574672574,10.0,7.867677723318696,5.285322266425222,6.243432905889311,0.5399648497399532,0.5966390209500724,7.9,2.2739607301242692,0.15637120622328216,0.21987837142496178,2683.5836346763526,True,0.0,9.460141386578472,0.9330889328039539,1.2525407870644962,0.9330889328039539,0.2878431303954771,0.06876600996303778,0.01979382357256736,0.16758446137967048,0.08234635149888624,0.21987837142496178,1.0,5.171780647673481e-15,0.0003726360479615172,7.272856864000112e-07,0.3854449206230305,0.4025018910543202,fem_training_design,D034
C038,-1,D034,0.5469423574672574,10.0,7.867677723318696,5.285322266425222,6.243432905889311,0.5399648497399532,0.5966390209500724,7.9,2.2739607301242692,0.15637120622328216,0.21987837142496178,0.3854449206230305,False,0.18186636632288145,9.460141386578472,0.9330889328039539,1.2525407870644962,0.9330889328039539,0.2878431303954771,0.06876600996303778,0.01979382357256736,0.16758446137967048,0.08234635149888624,0.21987837142496178,1.0,5.171780647673481e-15,0.0003726360479615172,7.272856864000112e-07,0.3854449206230305,0.4025018910543202,fem_training_design,D034
C039,-1,D034,0.5469423574672574,10.0,7.867677723318696,5.285322266425222,6.243432905889311,0.5399648497399532,0.5966390209500724,7.9,2.2739607301242692,0.15637120622328216,2683.5836346763526,0.3854449206230305,False,0.010764043759849448,9.460141386578472,0.9330889328039539,1.2525407870644962,0.9330889328039539,0.2878431303954771,0.06876600996303778,0.01979382357256736,0.16758446137967048,0.08234635149888624,0.21987837142496178,1.0,5.171780647673481e-15,0.0003726360479615172,7.272856864000112e-07,0.3854449206230305,0.4025018910543202,fem_training_design,D034
C037,-1,D035,0.1,7.264934885350417,9.358968173625874,3.609759374491433,6.869289211912336,0.0,0.0,7.9,2.5538565761935037,0.15,0.19110051882062246,2734.512798135063,True,0.0,9.903614679745957,1.3080308044368325,1.595628450501669,1.3080308044368325,0.3232729843282916,0.05873470006039783,0.018987341772151896,0.1146761983671951,0.07363111869982679,0.19110051882062246,1.0,2.3024401198479056e-15,0.00036569585656428443,8.197419264295038e-07,0.398614299543176,0.41567126997446574,fem_training_design,D035
C038,-1,D035,0.1,7.264934885350417,9.358968173625874,3.609759374491433,6.869289211912336,0.0,0.0,7.9,2.5538565761935037,0.15,0.19110051882062246,0.398614299543176,False,0.1971037649516344,9.903614679745957,1.3080308044368325,1.595628450501669,1.3080308044368325,0.3232729843282916,0.05873470006039783,0.018987341772151896,0.1146761983671951,0.07363111869982679,0.19110051882062246,1.0,2.3024401198479056e-15,0.00036569585656428443,8.197419264295038e-07,0.398614299543176,0.41567126997446574,fem_training_design,D035
C039,-1,D035,0.1,7.264934885350417,9.358968173625874,3.609759374491433,6.869289211912336,0.0,0.0,7.9,2.5538565761935037,0.15,2734.512798135063,0.398614299543176,True,0.0,9.903614679745957,1.3080308044368325,1.595628450501669,1.3080308044368325,0.3232729843282916,0.05873470006039783,0.018987341772151896,0.1146761983671951,0.07363111869982679,0.19110051882062246,1.0,2.3024401198479056e-15,0.00036569585656428443,8.197419264295038e-07,0.398614299543176,0.41567126997446574,fem_training_design,D035
C037,-1,D036,0.1,0.2080283648767125,9.625798251157763,0.1,9.515070281527665,0.27110356208526604,0.05538976796880475,7.866500043485275,4.0,0.25,0.2269314451435047,731.1829411603936,True,0.0,12.829499482462344,1.753133088736677,0.9615472634361306,0.9615472634361306,0.5084853464550149,0.0625,0.03178033415343843,0.25999761998865684,0.10193144514350468,0.2269314451435047,1.0,1.1537792737441284,0.001367646786743946,4.3454440723834205e-05,0.6345918326364302,0.6516488030677199,fem_training_design,D036
C038,-1,D036,0.1,0.2080283648767125,9.625798251157763,0.1,9.515070281527665,0.27110356208526604,0.05538976796880475,7.866500043485275,4.0,0.25,0.2269314451435047,0.6345918326364302,True,0.0,12.829499482462344,1.753133088736677,0.9615472634361306,0.9615472634361306,0.5084853464550149,0.0625,0.03178033415343843,0.25999761998865684,0.10193144514350468,0.2269314451435047,1.0,1.1537792737441284,0.001367646786743946,4.3454440723834205e-05,0.6345918326364302,0.6516488030677199,fem_training_design,D036
C039,-1,D036,0.1,0.2080283648767125,9.625798251157763,0.1,9.515070281527665,0.27110356208526604,0.05538976796880475,7.866500043485275,4.0,0.25,731.1829411603936,0.6345918326364302,False,0.043186483795629296,12.829499482462344,1.753133088736677,0.9615472634361306,0.9615472634361306,0.5084853464550149,0.0625,0.03178033415343843,0.25999761998865684,0.10193144514350468,0.2269314451435047,1.0,1.1537792737441284,0.001367646786743946,4.3454440723834205e-05,0.6345918326364302,0.6516488030677199,fem_training_design,D036
C037,-1,D037,9.888474962601922,0.1,10.0,0.1,10.0,0.0,0.010876892997292392,7.84722300522856,2.5528561154644636,0.232814067294937,0.3060750558150061,1350.7247608718894,True,0.0,10.642235490970473,0.9217553531826038,0.9172183957317503,0.9172183957317503,0.32531968490808916,0.09119748891628351,0.029668338358654303,0.25382620799836836,0.12368007798243914,0.3060750558150061,1.0,1.0532500405730103e-15,0.0007403432801176329,2.4169971783144186e-07,0.4938530763064691,0.5109100467377587,fem_training_design,D037
C038,-1,D037,9.888474962601922,0.1,10.0,0.1,10.0,0.0,0.010876892997292392,7.84722300522856,2.5528561154644636,0.232814067294937,0.3060750558150061,0.4938530763064691,True,0.0,10.642235490970473,0.9217553531826038,0.9172183957317503,0.9172183957317503,0.32531968490808916,0.09119748891628351,0.029668338358654303,0.25382620799836836,0.12368007798243914,0.3060750558150061,1.0,1.0532500405730103e-15,0.0007403432801176329,2.4169971783144186e-07,0.4938530763064691,0.5109100467377587,fem_training_design,D037
C039,-1,D037,9.888474962601922,0.1,10.0,0.1,10.0,0.0,0.010876892997292392,7.84722300522856,2.5528561154644636,0.232814067294937,1350.7247608718894,0.4938530763064691,False,0.407003604332117,10.642235490970473,0.9217553531826038,0.9172183957317503,0.9172183957317503,0.32531968490808916,0.09119748891628351,0.029668338358654303,0.25382620799836836,0.12368007798243914,0.3060750558150061,1.0,1.0532500405730103e-15,0.0007403432801176329,2.4169971783144186e-07,0.4938530763064691,0.5109100467377587,fem_training_design,D037
C037,-1,D038,0.10036388558395598,0.10163122919677135,7.67153195561507,6.3914541306663715,9.77549375401264,0.0,0.0,7.897398631647536,2.5988313527452283,0.24497590992940668,0.3114075351179875,1075.1999194125474,True,0.0,10.29483124385249,2.351315785042082,0.9223886316714961,0.9223886316714961,0.3290743539690191,0.09426387351785287,0.03101982328050476,0.2655886049738887,0.12287978808228177,0.3114075351179875,1.0,4.463041323674983e-15,0.0009300595935185392,4.85565396398673e-07,0.5181805720464758,0.5352375424777656,fem_training_design,D038
C038,-1,D038,0.10036388558395598,0.10163122919677135,7.67153195561507,6.3914541306663715,9.77549375401264,0.0,0.0,7.897398631647536,2.5988313527452283,0.24497590992940668,0.3114075351179875,0.5181805720464758,True,0.0,10.29483124385249,2.351315785042082,0.9223886316714961,0.9223886316714961,0.3290743539690191,0.09426387351785287,0.03101982328050476,0.2655886049738887,0.12287978808228177,0.3114075351179875,1.0,4.463041323674983e-15,0.0009300595935185392,4.85565396398673e-07,0.5181805720464758,0.5352375424777656,fem_training_design,D038
C039,-1,D038,0.10036388558395598,0.10163122919677135,7.67153195561507,6.3914541306663715,9.77549375401264,0.0,0.0,7.897398631647536,2.5988313527452283,0.24497590992940668,1075.1999194125474,0.5181805720464758,False,0.43151660353534527,10.29483124385249,2.351315785042082,0.9223886316714961,0.9223886316714961,0.3290743539690191,0.09426387351785287,0.03101982328050476,0.2655886049738887,0.12287978808228177,0.3114075351179875,1.0,4.463041323674983e-15,0.0009300595935185392,4.85565396398673e-07,0.5181805720464758,0.5352375424777656,fem_training_design,D038
C037,-1,D039,9.570756647498708,9.550785775758555,7.095988280791439,10.0,0.10126312411813626,0.06305256073207219,0.0,7.893463047340555,2.2,0.15,0.21650331637759906,3394.6381728765164,True,0.0,9.277834174633366,1.0887959860551346,1.0684696667059854,1.0684696667059854,0.2787116360468956,0.06818181818181818,0.019003066094106517,0.14038770090913216,0.08013968001396272,0.21650331637759906,1.0,5.06248308204085e-15,0.0002945822055469993,1.2054038023469648e-06,0.3514913821915612,0.3685483526228509,fem_training_design,D039
C038,-1,D039,9.570756647498708,9.550785775758555,7.095988280791439,10.0,0.10126312411813626,0.06305256073207219,0.0,7.893463047340555,2.2,0.15,0.21650331637759906,0.3514913821915612,False,0.35323592132536885,9.277834174633366,1.0887959860551346,1.0684696667059854,1.0684696667059854,0.2787116360468956,0.06818181818181818,0.019003066094106517,0.14038770090913216,0.08013968001396272,0.21650331637759906,1.0,5.06248308204085e-15,0.0002945822055469993,1.2054038023469648e-06,0.3514913821915612,0.3685483526228509,fem_training_design,D039
C037,-1,D040,5.525855495111614,0.10226889305456588,8.074879209060171,0.11099161236139701,9.571621985112072,0.0,0.0,7.9,3.9563445272829125,0.15,0.13756982754542535,1845.4766288138642,True,0.0,12.865078074639474,1.06421481339606,1.063111709761057,1.063111709761057,0.500803104719356,0.037913786063271664,0.018987341772151896,0.1410952382734207,0.06174225541888201,0.13756982754542535,1.0,1.5751145725697815,0.0005418654370295255,1.4211696027589144e-05,0.508819014492651,0.5258759849239407,fem_training_design,D040
C038,-1,D040,5.525855495111614,0.10226889305456588,8.074879209060171,0.11099161236139701,9.571621985112072,0.0,0.0,7.9,3.9563445272829125,0.15,0.13756982754542535,0.508819014492651,True,0.0,12.865078074639474,1.06421481339606,1.063111709761057,1.063111709761057,0.500803104719356,0.037913786063271664,0.018987341772151896,0.1410952382734207,0.06174225541888201,0.13756982754542535,1.0,1.5751145725697815,0.0005418654370295255,1.4211696027589144e-05,0.508819014492651,0.5258759849239407,fem_training_design,D040
C039,-1,D040,5.525855495111614,0.10226889305456588,8.074879209060171,0.11099161236139701,9.571621985112072,0.0,0.0,7.9,3.9563445272829125,0.15,1845.4766288138642,0.508819014492651,True,0.0,12.865078074639474,1.06421481339606,1.063111709761057,1.063111709761057,0.500803104719356,0.037913786063271664,0.018987341772151896,0.1410952382734207,0.06174225541888201,0.13756982754542535,1.0,1.5751145725697815,0.0005418654370295255,1.4211696027589144e-05,0.508819014492651,0.5258759849239407,fem_training_design,D040
C037,-1,D041,9.994090180760143,0.1,6.937538131030297,0.1,0.1,0.1708780132198619,0.0,7.897745576465664,4.0,0.25,0.22701158046113556,737.5924508159169,True,0.0,12.890584133363275,1.48049873433389,1.0095276902659447,1.0095276902659447,0.506473646342764,0.0625,0.03165460289642275,0.2476405574711292,0.10201158046113558,0.22701158046113556,1.0,1.0934428697813141e-15,0.001355762249049337,1.1105842257398107e-06,0.6241440587744351,0.6412010292057249,fem_training_design,D041
C038,-1,D041,9.994090180760143,0.1,6.937538131030297,0.1,0.1,0.1708780132198619,0.0,7.897745576465664,4.0,0.25,0.22701158046113556,0.6241440587744351,True,0.0,12.890584133363275,1.48049873433389,1.0095276902659447,1.0095276902659447,0.506473646342764,0.0625,0.03165460289642275,0.2476405574711292,0.10201158046113558,0.22701158046113556,1.0,1.0934428697813141e-15,0.001355762249049337,1.1105842257398107e-06,0.6241440587744351,0.6412010292057249,fem_training_design,D041
C039,-1,D041,9.994090180760143,0.1,6.937538131030297,0.1,0.1,0.1708780132198619,0.0,7.897745576465664,4.0,0.25,737.5924508159169,0.6241440587744351,False,0.043554859717151916,12.890584133363275,1.48049873433389,1.0095276902659447,1.0095276902659447,0.506473646342764,0.0625,0.03165460289642275,0.2476405574711292,0.10201158046113558,0.22701158046113556,1.0,1.0934428697813141e-15,0.001355762249049337,1.1105842257398107e-06,0.6241440587744351,0.6412010292057249,fem_training_design,D041
C037,-1,D042,7.412760023353634,4.668335928362747,9.654418824027632,3.69836238491969,0.1,0.002594805425460014,0.0,7.895882052866694,3.9901285829770208,0.15,0.13265026974819003,1755.3898492788383,True,0.0,12.069731258576665,1.1953154447846368,1.2585492256891855,1.1953154447846368,0.5053429821090548,0.03759277348603275,0.018997244259182,0.12548988692020616,0.05746472277612453,0.13265026974819003,1.0,3.0430036432140253e-15,0.0005696740244970808,1.0761557507551813e-06,0.4856491051701952,0.502706075601485,fem_training_design,D042
C038,-1,D042,7.412760023353634,4.668335928362747,9.654418824027632,3.69836238491969,0.1,0.002594805425460014,0.0,7.895882052866694,3.9901285829770208,0.15,0.13265026974819003,0.4856491051701952,True,0.0,12.069731258576665,1.1953154447846368,1.2585492256891855,1.1953154447846368,0.5053429821090548,0.03759277348603275,0.018997244259182,0.12548988692020616,0.05746472277612453,0.13265026974819003,1.0,3.0430036432140253e-15,0.0005696740244970808,1.0761557507551813e-06,0.4856491051701952,0.502706075601485,fem_training_design,D042
C039,-1,D042,7.412760023353634,4.668335928362747,9.654418824027632,3.69836238491969,0.1,0.002594805425460014,0.0,7.895882052866694,3.9901285829770208,0.15,1755.3898492788383,0.4856491051701952,True,0.0,12.069731258576665,1.1953154447846368,1.2585492256891855,1.1953154447846368,0.5053429821090548,0.03759277348603275,0.018997244259182,0.12548988692020616,0.05746472277612453,0.13265026974819003,1.0,3.0430036432140253e-15,0.0005696740244970808,1.0761557507551813e-06,0.4856491051701952,0.502706075601485,fem_training_design,D042
C037,-1,D043,0.1,0.1,10.0,3.5851293773290047,8.177894181423689,0.0,0.0,7.9,4.0,0.15,0.13437850105626967,1742.6778504289202,True,0.0,12.50907088918748,1.7340877369450047,1.1597751425565173,1.1597751425565173,0.5063291139240506,0.0375,0.018987341772151896,0.1293354155438715,0.059378501056269684,0.13437850105626967,1.0,4.965068306494546e-16,0.0005738295231983771,5.283681670025975e-07,0.4957338057154221,0.5127907761467119,fem_training_design,D043
C038,-1,D043,0.1,0.1,10.0,3.5851293773290047,8.177894181423689,0.0,0.0,7.9,4.0,0.15,0.13437850105626967,0.4957338057154221,True,0.0,12.50907088918748,1.7340877369450047,1.1597751425565173,1.1597751425565173,0.5063291139240506,0.0375,0.018987341772151896,0.1293354155438715,0.059378501056269684,0.13437850105626967,1.0,4.965068306494546e-16,0.0005738295231983771,5.283681670025975e-07,0.4957338057154221,0.5127907761467119,fem_training_design,D043
C039,-1,D043,0.1,0.1,10.0,3.5851293773290047,8.177894181423689,0.0,0.0,7.9,4.0,0.15,1742.6778504289202,0.4957338057154221,True,0.0,12.50907088918748,1.7340877369450047,1.1597751425565173,1.1597751425565173,0.5063291139240506,0.0375,0.018987341772151896,0.1293354155438715,0.059378501056269684,0.13437850105626967,1.0,4.965068306494546e-16,0.0005738295231983771,5.283681670025975e-07,0.4957338057154221,0.5127907761467119,fem_training_design,D043
C037,-1,D044,9.182421712424066,0.1,6.303663537788967,0.10672007101684765,0.1,0.041510531968165926,0.05411098135903441,7.875233250839573,2.77111112707028,0.15,0.1834359282124187,2879.929809515622,True,0.0,10.937194383982142,1.0550388276644584,1.066340259611758,1.0550388276644584,0.3518767049566251,0.0541299114765511,0.019047054889962604,0.1421748622579657,0.07517610525931652,0.1834359282124187,1.0,1.150221335641337,0.0003472306848229023,1.4722754537043417e-05,0.48579778960376163,0.5028547600350514,fem_training_design,D044
C038,-1,D044,9.182421712424066,0.1,6.303663537788967,0.10672007101684765,0.1,0.041510531968165926,0.05411098135903441,7.875233250839573,2.77111112707028,0.15,0.1834359282124187,0.48579778960376163,False,0.2376446040247483,10.937194383982142,1.0550388276644584,1.066340259611758,1.0550388276644584,0.3518767049566251,0.0541299114765511,0.019047054889962604,0.1421748622579657,0.07517610525931652,0.1834359282124187,1.0,1.150221335641337,0.0003472306848229023,1.4722754537043417e-05,0.48579778960376163,0.5028547600350514,fem_training_design,D044
C039,-1,D044,9.182421712424066,0.1,6.303663537788967,0.10672007101684765,0.1,0.041510531968165926,0.05411098135903441,7.875233250839573,2.77111112707028,0.15,2879.929809515622,0.48579778960376163,True,0.0,10.937194383982142,1.0550388276644584,1.066340259611758,1.0550388276644584,0.3518767049566251,0.0541299114765511,0.019047054889962604,0.1421748622579657,0.07517610525931652,0.1834359282124187,1.0,1.150221335641337,0.0003472306848229023,1.4722754537043417e-05,0.48579778960376163,0.5028547600350514,fem_training_design,D044
C037,-1,D045,0.1089776934295784,10.0,8.9113648183197,4.22470329882336,10.0,0.05616216804300321,0.15657430717516446,7.877615097896387,3.4416934439205145,0.15584783530035248,0.15444250903555026,1722.0311420608157,True,0.0,11.112626043968756,0.9700682466053853,1.262127835928804,0.9700682466053853,0.4368953548948556,0.045282311699098486,0.019783631640237106,0.16065656807726636,0.06387788563735329,0.15444250903555026,1.0,5.1972002672209464e-15,0.0005807095908865298,6.099202891597797e-07,0.4689060240433672,0.4859629944746569,fem_training_design,D045
C038,-1,D045,0.1089776934295784,10.0,8.9113648183197,4.22470329882336,10.0,0.05616216804300321,0.15657430717516446,7.877615097896387,3.4416934439205145,0.15584783530035248,0.15444250903555026,0.4689060240433672,True,0.0,11.112626043968756,0.9700682466053853,1.262127835928804,0.9700682466053853,0.4368953548948556,0.045282311699098486,0.019783631640237106,0.16065656807726636,0.06387788563735329,0.15444250903555026,1.0,5.1972002672209464e-15,0.0005807095908865298,6.099202891597797e-07,0.4689060240433672,0.4859629944746569,fem_training_design,D045
C039,-1,D045,0.1089776934295784,10.0,8.9113648183197,4.22470329882336,10.0,0.05616216804300321,0.15657430717516446,7.877615097896387,3.4416934439205145,0.15584783530035248,1722.0311420608157,0.4689060240433672,True,0.0,11.112626043968756,0.9700682466053853,1.262127835928804,0.9700682466053853,0.4368953548948556,0.045282311699098486,0.019783631640237106,0.16065656807726636,0.06387788563735329,0.15444250903555026,1.0,5.1972002672209464e-15,0.0005807095908865298,6.099202891597797e-07,0.4689060240433672,0.4859629944746569,fem_training_design,D045
C037,-1,D046,3.9734885996572125,4.165185740177483,6.653304771215604,5.955316277558207,0.1,0.13751504794938121,0.157971209551448,7.9,2.388617902585863,0.15,0.20167203196072006,3039.1206905936697,True,0.0,9.570451102258202,0.9969145224630873,1.0027046785645546,0.9969145224630873,0.30235669652985603,0.06279782121603185,0.018987341772151896,0.15046425407606,0.07607638952865639,0.20167203196072006,1.0,3.492904380555566e-15,0.000329042542829932,2.3352033326457757e-06,0.37579880397456167,0.3928557744058514,fem_training_design,D046
C038,-1,D046,3.9734885996572125,4.165185740177483,6.653304771215604,5.955316277558207,0.1,0.13751504794938121,0.157971209551448,7.9,2.388617902585863,0.15,0.20167203196072006,0.37579880397456167,False,0.2775772159659336,9.570451102258202,0.9969145224630873,1.0027046785645546,0.9969145224630873,0.30235669652985603,0.06279782121603185,0.018987341772151896,0.15046425407606,0.07607638952865639,0.20167203196072006,1.0,3.492904380555566e-15,0.000329042542829932,2.3352033326457757e-06,0.37579880397456167,0.3928557744058514,fem_training_design,D046
C039,-1,D046,3.9734885996572125,4.165185740177483,6.653304771215604,5.955316277558207,0.1,0.13751504794938121,0.157971209551448,7.9,2.388617902585863,0.15,3039.1206905936697,0.37579880397456167,True,0.0,9.570451102258202,0.9969145224630873,1.0027046785645546,0.9969145224630873,0.30235669652985603,0.06279782121603185,0.018987341772151896,0.15046425407606,0.07607638952865639,0.20167203196072006,1.0,3.492904380555566e-15,0.000329042542829932,2.3352033326457757e-06,0.37579880397456167,0.3928557744058514,fem_training_design,D046
C037,-1,D047,0.10517275473774135,0.1,9.95676714281908,10.0,10.0,0.04181430788742697,0.20594886501532242,7.877649141235888,2.2,0.15,0.21985101855872993,3236.4913931329042,True,0.0,9.646036468247102,2.3770606624332027,0.9090124916005865,0.9090124916005865,0.27927113286678473,0.06818181818181818,0.019041213604553502,0.16501423400230775,0.08348738219509359,0.21985101855872993,1.0,5.10732759540454e-15,0.00030897656706944184,6.973564268890177e-07,0.3953712279712743,0.412428198402564,fem_training_design,D047
C038,-1,D047,0.10517275473774135,0.1,9.95676714281908,10.0,10.0,0.04181430788742697,0.20594886501532242,7.877649141235888,2.2,0.15,0.21985101855872993,0.3953712279712743,False,0.3216326683356468,9.646036468247102,2.3770606624332027,0.9090124916005865,0.9090124916005865,0.27927113286678473,0.06818181818181818,0.019041213604553502,0.16501423400230775,0.08348738219509359,0.21985101855872993,1.0,5.10732759540454e-15,0.00030897656706944184,6.973564268890177e-07,0.3953712279712743,0.412428198402564,fem_training_design,D047
C039,-1,D047,0.10517275473774135,0.1,9.95676714281908,10.0,10.0,0.04181430788742697,0.20594886501532242,7.877649141235888,2.2,0.15,3236.4913931329042,0.3953712279712743,False,0.010638304727393695,9.646036468247102,2.3770606624332027,0.9090124916005865,0.9090124916005865,0.27927113286678473,0.06818181818181818,0.019041213604553502,0.16501423400230775,0.08348738219509359,0.21985101855872993,1.0,5.10732759540454e-15,0.00030897656706944184,6.973564268890177e-07,0.3953712279712743,0.412428198402564,fem_training_design,D047
C037,-1,D048,0.1,0.10576400750120801,9.89319527918681,0.1023768427448622,9.223925048169365,0.0,0.0754678385319073,7.888630481030776,3.911898243335689,0.25,0.2308734135367107,783.3436091119306,True,0.0,12.721309670364708,1.3176237601529075,1.4469947608979183,1.3176237601529075,0.4958906685694494,0.06390759279740982,0.031691178918971684,0.18973549776530138,0.10305822794189107,0.2308734135367107,1.0,1.3171014024771548,0.0012765789984981058,5.059911413543687e-05,0.6206474070223702,0.6377043774536599,fem_training_design,D048
C038,-1,D048,0.1,0.10576400750120801,9.89319527918681,0.1023768427448622,9.223925048169365,0.0,0.0754678385319073,7.888630481030776,3.911898243335689,0.25,0.2308734135367107,0.6206474070223702,True,0.0,12.721309670364708,1.3176237601529075,1.4469947608979183,1.3176237601529075,0.4958906685694494,0.06390759279740982,0.031691178918971684,0.18973549776530138,0.10305822794189107,0.2308734135367107,1.0,1.3171014024771548,0.0012765789984981058,5.059911413543687e-05,0.6206474070223702,0.6377043774536599,fem_training_design,D048
C039,-1,D048,0.1,0.10576400750120801,9.89319527918681,0.1023768427448622,9.223925048169365,0.0,0.0754678385319073,7.888630481030776,3.911898243335689,0.25,783.3436091119306,0.6206474070223702,False,0.06130741077752751,12.721309670364708,1.3176237601529075,1.4469947608979183,1.3176237601529075,0.4958906685694494,0.06390759279740982,0.031691178918971684,0.18973549776530138,0.10305822794189107,0.2308734135367107,1.0,1.3171014024771548,0.0012765789984981058,5.059911413543687e-05,0.6206474070223702,0.6377043774536599,fem_training_design,D048
C037,-1,D049,0.10509983297615987,5.396625462515962,10.0,1.4400800699881267,10.0,0.06735463105847828,0.20162976107899422,7.9,3.9734016069786158,0.22432950378194239,0.20073151163326844,807.8161169493136,True,0.0,12.287864011834523,1.0406062003975924,2.014364754187003,1.0406062003975924,0.5029622287314703,0.05645779761802711,0.028396139719233212,0.21557579005029096,0.08781591639721421,0.20073151163326844,1.0,1.1827914066321619e-15,0.0012379054824710127,1.208527556851425e-06,0.5910610720068054,0.6081180424380951,fem_training_design,D049
C038,-1,D049,0.10509983297615987,5.396625462515962,10.0,1.4400800699881267,10.0,0.06735463105847828,0.20162976107899422,7.9,3.9734016069786158,0.22432950378194239,0.20073151163326844,0.5910610720068054,True,0.0,12.287864011834523,1.0406062003975924,2.014364754187003,1.0406062003975924,0.5029622287314703,0.05645779761802711,0.028396139719233212,0.21557579005029096,0.08781591639721421,0.20073151163326844,1.0,1.1827914066321619e-15,0.0012379054824710127,1.208527556851425e-06,0.5910610720068054,0.6081180424380951,fem_training_design,D049
C039,-1,D049,0.10509983297615987,5.396625462515962,10.0,1.4400800699881267,10.0,0.06735463105847828,0.20162976107899422,7.9,3.9734016069786158,0.22432950378194239,807.8161169493136,0.5910610720068054,True,0.0,12.287864011834523,1.0406062003975924,2.014364754187003,1.0406062003975924,0.5029622287314703,0.05645779761802711,0.028396139719233212,0.21557579005029096,0.08781591639721421,0.20073151163326844,1.0,1.1827914066321619e-15,0.0012379054824710127,1.208527556851425e-06,0.5910610720068054,0.6081180424380951,fem_training_design,D049
C037,-1,D050,0.10135893556415064,2.641491032007587,4.960828904627748,6.953829498950939,9.285192009243126,0.15041450582730784,0.10003892996762236,7.857598103578299,2.2,0.15,0.21856590255092917,3192.1200947884586,True,0.0,9.47338143991229,1.194990665615725,0.9395406396129067,0.9395406396129067,0.279983777612415,0.06818181818181818,0.019089803019028292,0.15965248726420223,0.08220226618729282,0.21856590255092917,1.0,5.135006529167662e-15,0.0003132714215961445,1.0906497020528969e-06,0.3580002189919377,0.3750571894232274,fem_training_design,D050
C038,-1,D050,0.10135893556415064,2.641491032007587,4.960828904627748,6.953829498950939,9.285192009243126,0.15041450582730784,0.10003892996762236,7.857598103578299,2.2,0.15,0.21856590255092917,0.3580002189919377,False,0.31220318624644017,9.47338143991229,1.194990665615725,0.9395406396129067,0.9395406396129067,0.279983777612415,0.06818181818181818,0.019089803019028292,0.15965248726420223,0.08220226618729282,0.21856590255092917,1.0,5.135006529167662e-15,0.0003132714215961445,1.0906497020528969e-06,0.3580002189919377,0.3750571894232274,fem_training_design,D050
C039,-1,D050,0.10135893556415064,2.641491032007587,4.960828904627748,6.953829498950939,9.285192009243126,0.15041450582730784,0.10003892996762236,7.857598103578299,2.2,0.15,3192.1200947884586,0.3580002189919377,False,0.004730724803424195,9.47338143991229,1.194990665615725,0.9395406396129067,0.9395406396129067,0.279983777612415,0.06818181818181818,0.019089803019028292,0.15965248726420223,0.08220226618729282,0.21856590255092917,1.0,5.135006529167662e-15,0.0003132714215961445,1.0906497020528969e-06,0.3580002189919377,0.3750571894232274,fem_training_design,D050
C037,-1,D051,8.798220775158237,0.1013561121604794,8.598115805332457,0.10007515440387303,0.10802464138740542,0.0444781816077873,0.08629205581983397,5.93394488913264,3.8946153676441044,0.15,0.14941143135940363,926.2503195267554,True,0.0,11.151862670313966,1.0778958969545862,1.1676463257453018,1.0778958969545862,0.6563281999427834,0.03851471476392203,0.025278293412314683,0.13916000647539323,0.07238200183155956,0.14941143135940363,1.0,2.029765833053945e-15,0.0010796217598185824,5.221752642156973e-07,0.6182029809879961,0.6352599514192858,fem_training_design,D051
C038,-1,D051,8.798220775158237,0.1013561121604794,8.598115805332457,0.10007515440387303,0.10802464138740542,0.0444781816077873,0.08629205581983397,5.93394488913264,3.8946153676441044,0.15,0.14941143135940363,0.6182029809879961,True,0.0,11.151862670313966,1.0778958969545862,1.1676463257453018,1.0778958969545862,0.6563281999427834,0.03851471476392203,0.025278293412314683,0.13916000647539323,0.07238200183155956,0.14941143135940363,1.0,2.029765833053945e-15,0.0010796217598185824,5.221752642156973e-07,0.6182029809879961,0.6352599514192858,fem_training_design,D051
C039,-1,D051,8.798220775158237,0.1013561121604794,8.598115805332457,0.10007515440387303,0.10802464138740542,0.0444781816077873,0.08629205581983397,5.93394488913264,3.8946153676441044,0.15,926.2503195267554,0.6182029809879961,True,0.0,11.151862670313966,1.0778958969545862,1.1676463257453018,1.0778958969545862,0.6563281999427834,0.03851471476392203,0.025278293412314683,0.13916000647539323,0.07238200183155956,0.14941143135940363,1.0,2.029765833053945e-15,0.0010796217598185824,5.221752642156973e-07,0.6182029809879961,0.6352599514192858,fem_training_design,D051
C037,-1,D052,9.80190717528759,0.10415946093403579,8.64012471628833,0.10178778615316227,10.0,0.004996565236212547,0.01831705700345449,7.9,3.27330971092272,0.17932095120344657,0.19149915922054445,1649.7343996462273,True,0.0,11.815316677145544,0.9207864460169527,0.936444984565813,0.9207864460169527,0.41434300138262276,0.05478276333127592,0.022698854582714756,0.19474760079183992,0.08193363255799262,0.19149915922054445,1.0,1.5955110877695964,0.0006061581792890069,4.422070002084137e-06,0.5210139121394162,0.5380708825707059,fem_training_design,D052
C038,-1,D052,9.80190717528759,0.10415946093403579,8.64012471628833,0.10178778615316227,10.0,0.004996565236212547,0.01831705700345449,7.9,3.27330971092272,0.17932095120344657,0.19149915922054445,0.5210139121394162,True,0.0,11.815316677145544,0.9207864460169527,0.936444984565813,0.9207864460169527,0.41434300138262276,0.05478276333127592,0.022698854582714756,0.19474760079183992,0.08193363255799262,0.19149915922054445,1.0,1.5955110877695964,0.0006061581792890069,4.422070002084137e-06,0.5210139121394162,0.5380708825707059,fem_training_design,D052
C039,-1,D052,9.80190717528759,0.10415946093403579,8.64012471628833,0.10178778615316227,10.0,0.004996565236212547,0.01831705700345449,7.9,3.27330971092272,0.17932095120344657,1649.7343996462273,0.5210139121394162,True,0.0,11.815316677145544,0.9207864460169527,0.936444984565813,0.9207864460169527,0.41434300138262276,0.05478276333127592,0.022698854582714756,0.19474760079183992,0.08193363255799262,0.19149915922054445,1.0,1.5955110877695964,0.0006061581792890069,4.422070002084137e-06,0.5210139121394162,0.5380708825707059,fem_training_design,D052
C037,-1,D053,0.1,10.0,6.630298744949112,5.368876767435974,9.648008281262946,0.0010432171780562008,0.0,7.752130891377851,2.2305962975190416,0.15,0.2149903598830996,3077.417726845661,True,0.0,9.279646977975494,1.1432608900371508,1.179964743288221,1.1432608900371508,0.2877397619795064,0.0672465923873522,0.01934951848746961,0.13120364853478517,0.08049717510839521,0.2149903598830996,1.0,4.965068306494546e-16,0.0003249477609999327,1.5878109231769138e-06,0.36414815389671096,0.3812051243280007,fem_training_design,D053
C038,-1,D053,0.1,10.0,6.630298744949112,5.368876767435974,9.648008281262946,0.0010432171780562008,0.0,7.752130891377851,2.2305962975190416,0.15,0.2149903598830996,0.36414815389671096,False,0.2865674324412821,9.279646977975494,1.1432608900371508,1.179964743288221,1.1432608900371508,0.2877397619795064,0.0672465923873522,0.01934951848746961,0.13120364853478517,0.08049717510839521,0.2149903598830996,1.0,4.965068306494546e-16,0.0003249477609999327,1.5878109231769138e-06,0.36414815389671096,0.3812051243280007,fem_training_design,D053
C039,-1,D053,0.1,10.0,6.630298744949112,5.368876767435974,9.648008281262946,0.0010432171780562008,0.0,7.752130891377851,2.2305962975190416,0.15,3077.417726845661,0.36414815389671096,True,0.0,9.279646977975494,1.1432608900371508,1.179964743288221,1.1432608900371508,0.2877397619795064,0.0672465923873522,0.01934951848746961,0.13120364853478517,0.08049717510839521,0.2149903598830996,1.0,4.965068306494546e-16,0.0003249477609999327,1.5878109231769138e-06,0.36414815389671096,0.3812051243280007,fem_training_design,D053
C037,-1,D054,0.1,10.0,9.79370909047394,10.0,10.0,0.03539348278309991,0.0414333727037666,7.9,2.8748790882213506,0.15,0.17138042912969695,2400.517015182764,True,0.0,10.148761956662662,1.3074472827443027,1.3094169340094595,1.3074472827443027,0.36390874534447476,0.052176107375981155,0.018987341772151896,0.11472737905359622,0.06702821437773464,0.17138042912969695,1.0,3.433175098891678e-15,0.0004165769264184385,1.169068427233933e-06,0.4182965138402147,0.43535348427150444,fem_training_design,D054
C038,-1,D054,0.1,10.0,9.79370909047394,10.0,10.0,0.03539348278309991,0.0414333727037666,7.9,2.8748790882213506,0.15,0.17138042912969695,0.4182965138402147,False,0.08539284811232395,10.148761956662662,1.3074472827443027,1.3094169340094595,1.3074472827443027,0.36390874534447476,0.052176107375981155,0.018987341772151896,0.11472737905359622,0.06702821437773464,0.17138042912969695,1.0,3.433175098891678e-15,0.0004165769264184385,1.169068427233933e-06,0.4182965138402147,0.43535348427150444,fem_training_design,D054
C039,-1,D054,0.1,10.0,9.79370909047394,10.0,10.0,0.03539348278309991,0.0414333727037666,7.9,2.8748790882213506,0.15,2400.517015182764,0.4182965138402147,True,0.0,10.148761956662662,1.3074472827443027,1.3094169340094595,1.3074472827443027,0.36390874534447476,0.052176107375981155,0.018987341772151896,0.11472737905359622,0.06702821437773464,0.17138042912969695,1.0,3.433175098891678e-15,0.0004165769264184385,1.169068427233933e-06,0.4182965138402147,0.43535348427150444,fem_training_design,D054
C037,-1,D055,0.1,0.1,7.990007212528866,4.508833297146054,10.0,0.0,0.19896847738238926,5.617572342144628,2.2,0.25,0.3854026229787536,553.679340324375,True,0.0,7.8170939315426144,1.079564357978921,0.9086629235971425,0.9086629235971425,0.39162824544242597,0.11363636363636363,0.04450320970936658,0.27512952659091655,0.1581298957060263,0.3854026229787536,1.0,1.6129309250176456e-15,0.0018060995366273671,5.507822212288227e-07,0.5952594237452341,0.6123163941765238,fem_training_design,D055
C038,-1,D055,0.1,0.1,7.990007212528866,4.508833297146054,10.0,0.0,0.19896847738238926,5.617572342144628,2.2,0.25,0.3854026229787536,0.5952594237452341,True,0.0,7.8170939315426144,1.079564357978921,0.9086629235971425,0.9086629235971425,0.39162824544242597,0.11363636363636363,0.04450320970936658,0.27512952659091655,0.1581298957060263,0.3854026229787536,1.0,1.6129309250176456e-15,0.0018060995366273671,5.507822212288227e-07,0.5952594237452341,0.6123163941765238,fem_training_design,D055
C039,-1,D055,0.1,0.1,7.990007212528866,4.508833297146054,10.0,0.0,0.19896847738238926,5.617572342144628,2.2,0.25,553.679340324375,0.5952594237452341,False,0.7716663587832711,7.8170939315426144,1.079564357978921,0.9086629235971425,0.9086629235971425,0.39162824544242597,0.11363636363636363,0.04450320970936658,0.27512952659091655,0.1581298957060263,0.3854026229787536,1.0,1.6129309250176456e-15,0.0018060995366273671,5.507822212288227e-07,0.5952594237452341,0.6123163941765238,fem_training_design,D055
C037,-1,D056,0.1015044975625497,0.1,7.372831443216397,8.034226121682346,9.838795726642587,0.1350301236523095,0.2170174095934538,7.9,2.2771759674961,0.2200370222213829,0.313080490207473,1560.5656112843474,True,0.0,9.796697100603993,1.9810361863251946,0.9151902487540502,0.9151902487540502,0.28825012246786075,0.09662714931219288,0.02785278762295986,0.240427629687864,0.11982619158308723,0.313080490207473,1.0,1.1968311377334895,0.0006407933077398769,2.5145855122656818e-05,0.4553691810614697,0.4724261514927594,fem_training_design,D056
C038,-1,D056,0.1015044975625497,0.1,7.372831443216397,8.034226121682346,9.838795726642587,0.1350301236523095,0.2170174095934538,7.9,2.2771759674961,0.2200370222213829,0.313080490207473,0.4553691810614697,True,0.0,9.796697100603993,1.9810361863251946,0.9151902487540502,0.9151902487540502,0.28825012246786075,0.09662714931219288,0.02785278762295986,0.240427629687864,0.11982619158308723,0.313080490207473,1.0,1.1968311377334895,0.0006407933077398769,2.5145855122656818e-05,0.4553691810614697,0.4724261514927594,fem_training_design,D056
C039,-1,D056,0.1015044975625497,0.1,7.372831443216397,8.034226121682346,9.838795726642587,0.1350301236523095,0.2170174095934538,7.9,2.2771759674961,0.2200370222213829,1560.5656112843474,0.4553691810614697,False,0.43920705003228055,9.796697100603993,1.9810361863251946,0.9151902487540502,0.9151902487540502,0.28825012246786075,0.09662714931219288,0.02785278762295986,0.240427629687864,0.11982619158308723,0.313080490207473,1.0,1.1968311377334895,0.0006407933077398769,2.5145855122656818e-05,0.4553691810614697,0.4724261514927594,fem_training_design,D056
C037,-1,D057,6.5794530268241695,4.243727080770926,8.000872279968297,5.4346771179017725,0.1,0.21181847318469893,0.0,7.896841800670051,3.1548704628288307,0.15,0.15951805029128127,2085.334885346658,True,0.0,10.70068313961189,1.3390078550167914,0.9767186945374493,0.9767186945374493,0.39951040459758713,0.047545533728665906,0.018994935416747544,0.15357543665224552,0.06442698283394943,0.15951805029128127,1.0,1.1337396724486805e-15,0.00047953928504570326,1.2125715876379956e-06,0.44064239225880353,0.45769936269009326,fem_training_design,D057
C038,-1,D057,6.5794530268241695,4.243727080770926,8.000872279968297,5.4346771179017725,0.1,0.21181847318469893,0.0,7.896841800670051,3.1548704628288307,0.15,0.15951805029128127,0.44064239225880353,True,0.0,10.70068313961189,1.3390078550167914,0.9767186945374493,0.9767186945374493,0.39951040459758713,0.047545533728665906,0.018994935416747544,0.15357543665224552,0.06442698283394943,0.15951805029128127,1.0,1.1337396724486805e-15,0.00047953928504570326,1.2125715876379956e-06,0.44064239225880353,0.45769936269009326,fem_training_design,D057
C039,-1,D057,6.5794530268241695,4.243727080770926,8.000872279968297,5.4346771179017725,0.1,0.21181847318469893,0.0,7.896841800670051,3.1548704628288307,0.15,2085.334885346658,0.44064239225880353,True,0.0,10.70068313961189,1.3390078550167914,0.9767186945374493,0.9767186945374493,0.39951040459758713,0.047545533728665906,0.018994935416747544,0.15357543665224552,0.06442698283394943,0.15951805029128127,1.0,1.1337396724486805e-15,0.00047953928504570326,1.2125715876379956e-06,0.44064239225880353,0.45769936269009326,fem_training_design,D057
C037,-1,D058,9.741016753024619,0.10033180631171308,5.814672641585941,0.1,0.10504254471723007,0.01305510572003909,0.17247278342047037,7.785614538053882,4.0,0.25,0.22789233211679313,717.0433312750638,True,0.0,12.817280588524365,0.9112929031683258,1.352879126540535,0.9112929031683258,0.5137680500940717,0.0625,0.03211050313087948,0.2743355063238348,0.10289233211679312,0.22789233211679313,1.0,9.155133597044475e-16,0.001394615857066512,1.0117559734121085e-06,0.6195006573473723,0.636557627778662,fem_training_design,D058
C038,-1,D058,9.741016753024619,0.10033180631171308,5.814672641585941,0.1,0.10504254471723007,0.01305510572003909,0.17247278342047037,7.785614538053882,4.0,0.25,0.22789233211679313,0.6195006573473723,True,0.0,12.817280588524365,0.9112929031683258,1.352879126540535,0.9112929031683258,0.5137680500940717,0.0625,0.03211050313087948,0.2743355063238348,0.10289233211679312,0.22789233211679313,1.0,9.155133597044475e-16,0.001394615857066512,1.0117559734121085e-06,0.6195006573473723,0.636557627778662,fem_training_design,D058
C039,-1,D058,9.741016753024619,0.10033180631171308,5.814672641585941,0.1,0.10504254471723007,0.01305510572003909,0.17247278342047037,7.785614538053882,4.0,0.25,717.0433312750638,0.6195006573473723,False,0.047603607664716364,12.817280588524365,0.9112929031683258,1.352879126540535,0.9112929031683258,0.5137680500940717,0.0625,0.03211050313087948,0.2743355063238348,0.10289233211679312,0.22789233211679313,1.0,9.155133597044475e-16,0.001394615857066512,1.0117559734121085e-06,0.6195006573473723,0.636557627778662,fem_training_design,D058
C037,-1,D059,8.40745609589681,4.2663115633862105,5.6208055954965666,9.797458232760988,0.10325120778364974,0.01108800764776169,0.15212439439763203,7.9,2.243488766833857,0.15,0.2134194528976941,3259.4192477048164,True,0.0,9.417018313856353,1.0189045991557422,1.0846634921895115,1.0189045991557422,0.28398591985238697,0.06686015201747089,0.018987341772151896,0.14721692308022657,0.07969914886275231,0.2134194528976941,1.0,5.987232154250471e-15,0.0003068031216616793,8.234006170140001e-07,0.3594152360050004,0.37647220643629015,fem_training_design,D059
C038,-1,D059,8.40745609589681,4.2663115633862105,5.6208055954965666,9.797458232760988,0.10325120778364974,0.01108800764776169,0.15212439439763203,7.9,2.243488766833857,0.15,0.2134194528976941,0.3594152360050004,False,0.326404532997638,9.417018313856353,1.0189045991557422,1.0846634921895115,1.0189045991557422,0.28398591985238697,0.06686015201747089,0.018987341772151896,0.14721692308022657,0.07969914886275231,0.2134194528976941,1.0,5.987232154250471e-15,0.0003068031216616793,8.234006170140001e-07,0.3594152360050004,0.37647220643629015,fem_training_design,D059
C039,-1,D059,8.40745609589681,4.2663115633862105,5.6208055954965666,9.797458232760988,0.10325120778364974,0.01108800764776169,0.15212439439763203,7.9,2.243488766833857,0.15,3259.4192477048164,0.3594152360050004,True,0.0,9.417018313856353,1.0189045991557422,1.0846634921895115,1.0189045991557422,0.28398591985238697,0.06686015201747089,0.018987341772151896,0.14721692308022657,0.07969914886275231,0.2134194528976941,1.0,5.987232154250471e-15,0.0003068031216616793,8.234006170140001e-07,0.3594152360050004,0.37647220643629015,fem_training_design,D059
C037,-1,D060,0.39610011593233657,2.5381073110503927,7.8358005876212875,0.1,10.0,0.10762053444997652,0.0,7.9,4.0,0.16897986689855402,0.15174165722126348,1455.1077177425966,True,0.0,12.576376761325042,1.2700233706158899,1.4205938082811793,1.2700233706158899,0.5063291139240506,0.042244966724638504,0.021389856569437215,0.13305256486469874,0.06725172377198649,0.15174165722126348,1.0,1.3109688462672295,0.0006872343454760621,2.2919754679608067e-05,0.5279006988337223,0.544957669265012,fem_training_design,D060
C038,-1,D060,0.39610011593233657,2.5381073110503927,7.8358005876212875,0.1,10.0,0.10762053444997652,0.0,7.9,4.0,0.16897986689855402,0.15174165722126348,0.5279006988337223,True,0.0,12.576376761325042,1.2700233706158899,1.4205938082811793,1.2700233706158899,0.5063291139240506,0.042244966724638504,0.021389856569437215,0.13305256486469874,0.06725172377198649,0.15174165722126348,1.0,1.3109688462672295,0.0006872343454760621,2.2919754679608067e-05,0.5279006988337223,0.544957669265012,fem_training_design,D060
C039,-1,D060,0.39610011593233657,2.5381073110503927,7.8358005876212875,0.1,10.0,0.10762053444997652,0.0,7.9,4.0,0.16897986689855402,1455.1077177425966,0.5279006988337223,True,0.0,12.576376761325042,1.2700233706158899,1.4205938082811793,1.2700233706158899,0.5063291139240506,0.042244966724638504,0.021389856569437215,0.13305256486469874,0.06725172377198649,0.15174165722126348,1.0,1.3109688462672295,0.0006872343454760621,2.2919754679608067e-05,0.5279006988337223,0.544957669265012,fem_training_design,D060
C037,-1,D061,0.21244958470427855,0.1,10.0,0.10023221379266414,8.92924536600052,0.011708209224065605,0.020482871077862553,7.863072894252734,3.9607956569701823,0.15,0.13730296512426493,1816.2415236804532,True,0.0,12.781634040058693,1.3678811670166624,1.3805052362901893,1.3678811670166624,0.5037210910082243,0.037871178669879366,0.01907651143735902,0.10965864843884704,0.06156060778450623,0.13730296512426493,1.0,3.844723333240106e-15,0.000550587566114879,5.974427395337319e-07,0.4947865285740402,0.51184349900533,fem_training_design,D061
C038,-1,D061,0.21244958470427855,0.1,10.0,0.10023221379266414,8.92924536600052,0.011708209224065605,0.020482871077862553,7.863072894252734,3.9607956569701823,0.15,0.13730296512426493,0.4947865285740402,True,0.0,12.781634040058693,1.3678811670166624,1.3805052362901893,1.3678811670166624,0.5037210910082243,0.037871178669879366,0.01907651143735902,0.10965864843884704,0.06156060778450623,0.13730296512426493,1.0,3.844723333240106e-15,0.000550587566114879,5.974427395337319e-07,0.4947865285740402,0.51184349900533,fem_training_design,D061
C039,-1,D061,0.21244958470427855,0.1,10.0,0.10023221379266414,8.92924536600052,0.011708209224065605,0.020482871077862553,7.863072894252734,3.9607956569701823,0.15,1816.2415236804532,0.4947865285740402,True,0.0,12.781634040058693,1.3678811670166624,1.3805052362901893,1.3678811670166624,0.5037210910082243,0.037871178669879366,0.01907651143735902,0.10965864843884704,0.06156060778450623,0.13730296512426493,1.0,3.844723333240106e-15,0.000550587566114879,5.974427395337319e-07,0.4947865285740402,0.51184349900533,fem_training_design,D061
C037,-1,D062,9.555230247473187,0.10097106527327976,9.469188634487008,0.10860747519074912,0.1,0.0,0.0,7.671314088862587,3.991644479079558,0.24598725372948385,0.2250727929541994,715.8791136084706,True,0.0,12.675041719271606,1.38849067931619,1.3869156549832846,1.3869156549832846,0.5203338610362377,0.06162554180832422,0.03206585610757543,0.17736280706446314,0.10182170933755097,0.2250727929541994,1.0,1.5116599746687267e-15,0.0013968838886210628,1.5098278403481703e-06,0.6332819401953974,0.6503389106266871,fem_training_design,D062
C038,-1,D062,9.555230247473187,0.10097106527327976,9.469188634487008,0.10860747519074912,0.1,0.0,0.0,7.671314088862587,3.991644479079558,0.24598725372948385,0.2250727929541994,0.6332819401953974,True,0.0,12.675041719271606,1.38849067931619,1.3869156549832846,1.3869156549832846,0.5203338610362377,0.06162554180832422,0.03206585610757543,0.17736280706446314,0.10182170933755097,0.2250727929541994,1.0,1.5116599746687267e-15,0.0013968838886210628,1.5098278403481703e-06,0.6332819401953974,0.6503389106266871,fem_training_design,D062
C039,-1,D062,9.555230247473187,0.10097106527327976,9.469188634487008,0.10860747519074912,0.1,0.0,0.0,7.671314088862587,3.991644479079558,0.24598725372948385,715.8791136084706,0.6332819401953974,False,0.03464240194423885,12.675041719271606,1.38849067931619,1.3869156549832846,1.3869156549832846,0.5203338610362377,0.06162554180832422,0.03206585610757543,0.17736280706446314,0.10182170933755097,0.2250727929541994,1.0,1.5116599746687267e-15,0.0013968838886210628,1.5098278403481703e-06,0.6332819401953974,0.6503389106266871,fem_training_design,D062
C037,-1,D063,0.1,0.10972992606201307,4.711660742718406,0.1,9.860684057070246,0.0,0.03717594149890696,7.8248990501414,3.3734239330794056,0.24666588585980254,0.2571966026585256,891.0819241098164,True,0.0,11.873837697989583,0.9509628844845378,1.0010160484369683,0.9509628844845378,0.43111405162708727,0.07312033434073474,0.0315232035939614,0.25938539756312984,0.11095593397705615,0.2571966026585256,1.0,2.7568986075896566e-15,0.0011222312707094713,7.660741488127467e-07,0.5742210097390227,0.5912779801703124,fem_training_design,D063
C038,-1,D063,0.1,0.10972992606201307,4.711660742718406,0.1,9.860684057070246,0.0,0.03717594149890696,7.8248990501414,3.3734239330794056,0.24666588585980254,0.2571966026585256,0.5742210097390227,True,0.0,11.873837697989583,0.9509628844845378,1.0010160484369683,0.9509628844845378,0.43111405162708727,0.07312033434073474,0.0315232035939614,0.25938539756312984,0.11095593397705615,0.2571966026585256,1.0,2.7568986075896566e-15,0.0011222312707094713,7.660741488127467e-07,0.5742210097390227,0.5912779801703124,fem_training_design,D063
C039,-1,D063,0.1,0.10972992606201307,4.711660742718406,0.1,9.860684057070246,0.0,0.03717594149890696,7.8248990501414,3.3734239330794056,0.24666588585980254,891.0819241098164,0.5742210097390227,False,0.18231309637085097,11.873837697989583,0.9509628844845378,1.0010160484369683,0.9509628844845378,0.43111405162708727,0.07312033434073474,0.0315232035939614,0.25938539756312984,0.11095593397705615,0.2571966026585256,1.0,2.7568986075896566e-15,0.0011222312707094713,7.660741488127467e-07,0.5742210097390227,0.5912779801703124,fem_training_design,D063
C037,-1,D064,8.406095963776405,10.0,7.05535831974475,4.692017453285631,0.10218299245306302,0.1669657824893244,0.013539924887833383,7.9,2.385829420296766,0.15,0.20199997629213629,2989.269242590262,True,0.0,9.582040947083474,1.3739689819580416,1.2495914977553695,1.2495914977553695,0.3020037240881982,0.0628712173317663,0.018987341772151896,0.12003922903560381,0.07625754162860367,0.20199997629213629,1.0,1.3155571808443616,0.00033452991980524306,6.718373272565195e-06,0.3758594286377627,0.39291639906905246,fem_training_design,D064
C038,-1,D064,8.406095963776405,10.0,7.05535831974475,4.692017453285631,0.10218299245306302,0.1669657824893244,0.013539924887833383,7.9,2.385829420296766,0.15,0.20199997629213629,0.3758594286377627,False,0.26552951502898336,9.582040947083474,1.3739689819580416,1.2495914977553695,1.2495914977553695,0.3020037240881982,0.0628712173317663,0.018987341772151896,0.12003922903560381,0.07625754162860367,0.20199997629213629,1.0,1.3155571808443616,0.00033452991980524306,6.718373272565195e-06,0.3758594286377627,0.39291639906905246,fem_training_design,D064
C039,-1,D064,8.406095963776405,10.0,7.05535831974475,4.692017453285631,0.10218299245306302,0.1669657824893244,0.013539924887833383,7.9,2.385829420296766,0.15,2989.269242590262,0.3758594286377627,True,0.0,9.582040947083474,1.3739689819580416,1.2495914977553695,1.2495914977553695,0.3020037240881982,0.0628712173317663,0.018987341772151896,0.12003922903560381,0.07625754162860367,0.20199997629213629,1.0,1.3155571808443616,0.00033452991980524306,6.718373272565195e-06,0.3758594286377627,0.39291639906905246,fem_training_design,D064
C037,-1,D065,10.0,4.6428955556925136,9.622782240105686,9.261490657980852,9.502152631182124,0.0,0.0,7.844888935706887,2.2,0.15000218133548862,0.21911378417473704,3388.745508162524,True,0.0,9.520730594695374,1.3897389408831533,1.1053883548714012,1.1053883548714012,0.28043736731395325,0.06818280969794936,0.0191210076477612,0.13570088799509705,0.08274816477883831,0.21911378417473704,1.0,3.497202527569243e-15,0.00029509445238401185,6.152351526933247e-07,0.3558693022536978,0.3729262726849875,fem_training_design,D065
C038,-1,D065,10.0,4.6428955556925136,9.622782240105686,9.261490657980852,9.502152631182124,0.0,0.0,7.844888935706887,2.2,0.15000218133548862,0.21911378417473704,0.3558693022536978,False,0.3521112680117743,9.520730594695374,1.3897389408831533,1.1053883548714012,1.1053883548714012,0.28043736731395325,0.06818280969794936,0.0191210076477612,0.13570088799509705,0.08274816477883831,0.21911378417473704,1.0,3.497202527569243e-15,0.00029509445238401185,6.152351526933247e-07,0.3558693022536978,0.3729262726849875,fem_training_design,D065
C039,-1,D065,10.0,4.6428955556925136,9.622782240105686,9.261490657980852,9.502152631182124,0.0,0.0,7.844888935706887,2.2,0.15000218133548862,3388.745508162524,0.3558693022536978,False,0.007249294692735662,9.520730594695374,1.3897389408831533,1.1053883548714012,1.1053883548714012,0.28043736731395325,0.06818280969794936,0.0191210076477612,0.13570088799509705,0.08274816477883831,0.21911378417473704,1.0,3.497202527569243e-15,0.00029509445238401185,6.152351526933247e-07,0.3558693022536978,0.3729262726849875,fem_training_design,D065
C037,-1,D066,2.114131205568169,9.57973802338069,9.238885373442416,3.362456032917403,9.412034932511483,0.1751408447522,0.0,7.865039403658843,3.007848623887629,0.15204880368667498,0.16864156491505924,2194.151124666578,True,0.0,10.508390434312293,1.4335783634645156,1.2692524066035638,1.2692524066035638,0.38243274693428336,0.050550683461640655,0.019332236735640683,0.11979398494389908,0.06754019799177793,0.16864156491505924,1.0,3.5188334428407404e-15,0.00045575712117457693,7.527011461354247e-07,0.43206188410002255,0.4491188545313123,fem_training_design,D066
C038,-1,D066,2.114131205568169,9.57973802338069,9.238885373442416,3.362456032917403,9.412034932511483,0.1751408447522,0.0,7.865039403658843,3.007848623887629,0.15204880368667498,0.16864156491505924,0.43206188410002255,True,0.0,10.508390434312293,1.4335783634645156,1.2692524066035638,1.2692524066035638,0.38243274693428336,0.050550683461640655,0.019332236735640683,0.11979398494389908,0.06754019799177793,0.16864156491505924,1.0,3.5188334428407404e-15,0.00045575712117457693,7.527011461354247e-07,0.43206188410002255,0.4491188545313123,fem_training_design,D066
C039,-1,D066,2.114131205568169,9.57973802338069,9.238885373442416,3.362456032917403,9.412034932511483,0.1751408447522,0.0,7.865039403658843,3.007848623887629,0.15204880368667498,2194.151124666578,0.43206188410002255,True,0.0,10.508390434312293,1.4335783634645156,1.2692524066035638,1.2692524066035638,0.38243274693428336,0.050550683461640655,0.019332236735640683,0.11979398494389908,0.06754019799177793,0.16864156491505924,1.0,3.5188334428407404e-15,0.00045575712117457693,7.527011461354247e-07,0.43206188410002255,0.4491188545313123,fem_training_design,D066
C037,-1,D067,0.1,0.1,10.0,0.1,10.0,0.1968566965461034,0.047916331255987585,6.158882500428424,4.0,0.25,0.24175608949031827,417.0189304889374,True,0.0,11.50539258208602,1.4513434197338155,0.9358477571641544,0.9358477571641544,0.649468470899023,0.0625,0.04059177943118894,0.2671374676983366,0.11675608949031828,0.24175608949031827,1.0,5.324442579404919e-16,0.0023979726743520767,4.869393084693336e-07,0.6781306677156361,0.6951876381469259,fem_training_design,D067
C038,-1,D067,0.1,0.1,10.0,0.1,10.0,0.1968566965461034,0.047916331255987585,6.158882500428424,4.0,0.25,0.24175608949031827,0.6781306677156361,True,0.0,11.50539258208602,1.4513434197338155,0.9358477571641544,0.9358477571641544,0.649468470899023,0.0625,0.04059177943118894,0.2671374676983366,0.11675608949031828,0.24175608949031827,1.0,5.324442579404919e-16,0.0023979726743520767,4.869393084693336e-07,0.6781306677156361,0.6951876381469259,fem_training_design,D067
C039,-1,D067,0.1,0.1,10.0,0.1,10.0,0.1968566965461034,0.047916331255987585,6.158882500428424,4.0,0.25,417.0189304889374,0.6781306677156361,False,0.11133423916683263,11.50539258208602,1.4513434197338155,0.9358477571641544,0.9358477571641544,0.649468470899023,0.0625,0.04059177943118894,0.2671374676983366,0.11675608949031828,0.24175608949031827,1.0,5.324442579404919e-16,0.0023979726743520767,4.869393084693336e-07,0.6781306677156361,0.6951876381469259,fem_training_design,D067
C037,-1,D068,10.0,10.0,10.0,6.1551668664007915,0.10569767741922327,0.0,0.0,7.9,3.842027926110291,0.15,0.1355817578553045,1743.7531317845082,True,0.0,11.634535397430035,1.1529114411339103,1.2301306504199303,1.1529114411339103,0.48633264887472033,0.0390418817574451,0.018987341772151896,0.13010539634550955,0.0574979943404143,0.1355817578553045,1.0,1.2210856372959769,0.0005734756725435257,2.1974726499064842e-05,0.47271401685164116,0.4897709872829309,fem_training_design,D068
C038,-1,D068,10.0,10.0,10.0,6.1551668664007915,0.10569767741922327,0.0,0.0,7.9,3.842027926110291,0.15,0.1355817578553045,0.47271401685164116,True,0.0,11.634535397430035,1.1529114411339103,1.2301306504199303,1.1529114411339103,0.48633264887472033,0.0390418817574451,0.018987341772151896,0.13010539634550955,0.0574979943404143,0.1355817578553045,1.0,1.2210856372959769,0.0005734756725435257,2.1974726499064842e-05,0.47271401685164116,0.4897709872829309,fem_training_design,D068
C039,-1,D068,10.0,10.0,10.0,6.1551668664007915,0.10569767741922327,0.0,0.0,7.9,3.842027926110291,0.15,1743.7531317845082,0.47271401685164116,True,0.0,11.634535397430035,1.1529114411339103,1.2301306504199303,1.1529114411339103,0.48633264887472033,0.0390418817574451,0.018987341772151896,0.13010539634550955,0.0574979943404143,0.1355817578553045,1.0,1.2210856372959769,0.0005734756725435257,2.1974726499064842e-05,0.47271401685164116,0.4897709872829309,fem_training_design,D068
C037,-1,D069,0.1,6.366562500224667,6.19028051201217,8.846463212915358,10.0,0.0002598583379332737,0.0,7.9,2.200832189930383,0.15,0.2169826614498291,3398.7393274269,True,0.0,9.350567768045654,1.1013757097347097,1.0976999124597175,1.0976999124597175,0.2785863531557447,0.06815603692380781,0.018987341772151896,0.13664936864564484,0.0806705876022135,0.2169826614498291,1.0,1.3334236103572998e-15,0.00029422674223064785,1.199954312155786e-06,0.3519210213562583,0.36897799178754803,fem_training_design,D069
C038,-1,D069,0.1,6.366562500224667,6.19028051201217,8.846463212915358,10.0,0.0002598583379332737,0.0,7.9,2.200832189930383,0.15,0.2169826614498291,0.3519210213562583,False,0.3540163517110935,9.350567768045654,1.1013757097347097,1.0976999124597175,1.0976999124597175,0.2785863531557447,0.06815603692380781,0.018987341772151896,0.13664936864564484,0.0806705876022135,0.2169826614498291,1.0,1.3334236103572998e-15,0.00029422674223064785,1.199954312155786e-06,0.3519210213562583,0.36897799178754803,fem_training_design,D069
C039,-1,D069,0.1,6.366562500224667,6.19028051201217,8.846463212915358,10.0,0.0002598583379332737,0.0,7.9,2.200832189930383,0.15,3398.7393274269,0.3519210213562583,True,0.0,9.350567768045654,1.1013757097347097,1.0976999124597175,1.0976999124597175,0.2785863531557447,0.06815603692380781,0.018987341772151896,0.13664936864564484,0.0806705876022135,0.2169826614498291,1.0,1.3334236103572998e-15,0.00029422674223064785,1.199954312155786e-06,0.3519210213562583,0.36897799178754803,fem_training_design,D069
C037,-1,D070,0.10072044610015261,7.2030854085959355,10.0,4.625867327251896,9.616862661346378,0.0,0.049687618402595723,7.9,4.0,0.20268429291816392,0.17832178620177447,1009.231466029648,True,0.0,12.00170265216977,1.2362908635768888,1.4645622927280217,1.2362908635768888,0.5063291139240506,0.05067107322954098,0.025656239609894167,0.16394547504116402,0.0769796397426925,0.17832178620177447,1.0,5.109438871555062e-15,0.0009908529744262087,3.938343286344539e-07,0.5520789006891722,0.5691358711204619,fem_training_design,D070
C038,-1,D070,0.10072044610015261,7.2030854085959355,10.0,4.625867327251896,9.616862661346378,0.0,0.049687618402595723,7.9,4.0,0.20268429291816392,0.17832178620177447,0.5520789006891722,True,0.0,12.00170265216977,1.2362908635768888,1.4645622927280217,1.2362908635768888,0.5063291139240506,0.05067107322954098,0.025656239609894167,0.16394547504116402,0.0769796397426925,0.17832178620177447,1.0,5.109438871555062e-15,0.0009908529744262087,3.938343286344539e-07,0.5520789006891722,0.5691358711204619,fem_training_design,D070
C039,-1,D070,0.10072044610015261,7.2030854085959355,10.0,4.625867327251896,9.616862661346378,0.0,0.049687618402595723,7.9,4.0,0.20268429291816392,1009.231466029648,0.5520789006891722,True,0.0,12.00170265216977,1.2362908635768888,1.4645622927280217,1.2362908635768888,0.5063291139240506,0.05067107322954098,0.025656239609894167,0.16394547504116402,0.0769796397426925,0.17832178620177447,1.0,5.109438871555062e-15,0.0009908529744262087,3.938343286344539e-07,0.5520789006891722,0.5691358711204619,fem_training_design,D070
C037,-1,D071,0.1,2.6136245683021535,9.617486763820336,0.1,9.437950987778919,0.1425824947383004,0.044041016086515346,7.839914748300673,4.0,0.2446303813199246,0.21998723673199247,746.101242687668,True,0.0,12.520775389633819,1.4434285599417342,1.5955155920846562,1.4434285599417342,0.510209629622186,0.06115759532998115,0.031203194061893213,0.16947868991160836,0.09767204607203016,0.21998723673199247,1.0,3.008320620699235e-15,0.0013403006760821317,7.324533107739313e-07,0.6168993645944101,0.6339563350256998,fem_training_design,D071
C038,-1,D071,0.1,2.6136245683021535,9.617486763820336,0.1,9.437950987778919,0.1425824947383004,0.044041016086515346,7.839914748300673,4.0,0.2446303813199246,0.21998723673199247,0.6168993645944101,True,0.0,12.520775389633819,1.4434285599417342,1.5955155920846562,1.4434285599417342,0.510209629622186,0.06115759532998115,0.031203194061893213,0.16947868991160836,0.09767204607203016,0.21998723673199247,1.0,3.008320620699235e-15,0.0013403006760821317,7.324533107739313e-07,0.6168993645944101,0.6339563350256998,fem_training_design,D071
C039,-1,D071,0.1,2.6136245683021535,9.617486763820336,0.1,9.437950987778919,0.1425824947383004,0.044041016086515346,7.839914748300673,4.0,0.2446303813199246,746.101242687668,0.6168993645944101,False,0.011264489243624793,12.520775389633819,1.4434285599417342,1.5955155920846562,1.4434285599417342,0.510209629622186,0.06115759532998115,0.031203194061893213,0.16947868991160836,0.09767204607203016,0.21998723673199247,1.0,3.008320620699235e-15,0.0013403006760821317,7.324533107739313e-07,0.6168993645944101,0.6339563350256998,fem_training_design,D071
C037,-1,D072,4.36102717373357,5.428405519240673,5.322892244261718,2.157345659579639,0.1,0.0,0.0,7.9,2.701607850721987,0.15,0.18186205500867766,2447.022009140732,True,0.0,10.076184326153552,1.2354042981850295,1.5184291468531081,1.2354042981850295,0.3419756773065806,0.055522491896784154,0.018987341772151896,0.12141774172258395,0.07081707121510937,0.18186205500867766,1.0,1.2691590204925502,0.00040865999417436725,4.2620224853891966e-06,0.41383036673426127,0.430887337165551,fem_training_design,D072
C038,-1,D072,4.36102717373357,5.428405519240673,5.322892244261718,2.157345659579639,0.1,0.0,0.0,7.9,2.701607850721987,0.15,0.18186205500867766,0.41383036673426127,False,0.10277471060214523,10.076184326153552,1.2354042981850295,1.5184291468531081,1.2354042981850295,0.3419756773065806,0.055522491896784154,0.018987341772151896,0.12141774172258395,0.07081707121510937,0.18186205500867766,1.0,1.2691590204925502,0.00040865999417436725,4.2620224853891966e-06,0.41383036673426127,0.430887337165551,fem_training_design,D072
C039,-1,D072,4.36102717373357,5.428405519240673,5.322892244261718,2.157345659579639,0.1,0.0,0.0,7.9,2.701607850721987,0.15,2447.022009140732,0.41383036673426127,True,0.0,10.076184326153552,1.2354042981850295,1.5184291468531081,1.2354042981850295,0.3419756773065806,0.055522491896784154,0.018987341772151896,0.12141774172258395,0.07081707121510937,0.18186205500867766,1.0,1.2691590204925502,0.00040865999417436725,4.2620224853891966e-06,0.41383036673426127,0.430887337165551,fem_training_design,D072
C037,-1,D073,10.0,0.10282542053760971,4.5221322928118575,0.11133923642888638,0.1,0.0,0.0,7.861179782449584,2.9775714987114474,0.18396850634605433,0.21234094927058594,1713.8642825298302,True,0.0,11.29483183734322,0.9391208717438827,0.9370531384470954,0.9370531384470954,0.3787690373598886,0.061784748552861694,0.023402149732890194,0.19632665299102556,0.08877145216486254,0.21234094927058594,1.0,5.9558996533434225e-15,0.0005834767724570949,1.3112652998944734e-06,0.4768232131368408,0.4938801835681305,fem_training_design,D073
C038,-1,D073,10.0,0.10282542053760971,4.5221322928118575,0.11133923642888638,0.1,0.0,0.0,7.861179782449584,2.9775714987114474,0.18396850634605433,0.21234094927058594,0.4768232131368408,True,0.0,11.29483183734322,0.9391208717438827,0.9370531384470954,0.9370531384470954,0.3787690373598886,0.061784748552861694,0.023402149732890194,0.19632665299102556,0.08877145216486254,0.21234094927058594,1.0,5.9558996533434225e-15,0.0005834767724570949,1.3112652998944734e-06,0.4768232131368408,0.4938801835681305,fem_training_design,D073
C039,-1,D073,10.0,0.10282542053760971,4.5221322928118575,0.11133923642888638,0.1,0.0,0.0,7.861179782449584,2.9775714987114474,0.18396850634605433,1713.8642825298302,0.4768232131368408,True,0.0,11.29483183734322,0.9391208717438827,0.9370531384470954,0.9370531384470954,0.3787690373598886,0.061784748552861694,0.023402149732890194,0.19632665299102556,0.08877145216486254,0.21234094927058594,1.0,5.9558996533434225e-15,0.0005834767724570949,1.3112652998944734e-06,0.4768232131368408,0.4938801835681305,fem_training_design,D073
C037,-1,D074,9.688130401997752,5.289878509328914,8.48240694332431,3.201669797132343,9.988499354543732,0.1384245652173134,0.02653648087415692,7.732278530201846,2.220807914609373,0.15053032862012544,0.21956096080501958,3323.7635768778987,True,0.0,9.582090175277328,1.0934330256741551,1.1058727501438195,1.0934330256741551,0.287212612160183,0.06778178681275226,0.019467784047375224,0.13766762580389055,0.08399738717951502,0.21956096080501958,1.0,4.33449325682788e-15,0.0003008637578667154,1.0636556173391502e-06,0.3579732999525707,0.37503027038386044,fem_training_design,D074
C038,-1,D074,9.688130401997752,5.289878509328914,8.48240694332431,3.201669797132343,9.988499354543732,0.1384245652173134,0.02653648087415692,7.732278530201846,2.220807914609373,0.15053032862012544,0.21956096080501958,0.3579732999525707,False,0.3394445845704422,9.582090175277328,1.0934330256741551,1.1058727501438195,1.0934330256741551,0.287212612160183,0.06778178681275226,0.019467784047375224,0.13766762580389055,0.08399738717951502,0.21956096080501958,1.0,4.33449325682788e-15,0.0003008637578667154,1.0636556173391502e-06,0.3579732999525707,0.37503027038386044,fem_training_design,D074
C039,-1,D074,9.688130401997752,5.289878509328914,8.48240694332431,3.201669797132343,9.988499354543732,0.1384245652173134,0.02653648087415692,7.732278530201846,2.220807914609373,0.15053032862012544,3323.7635768778987,0.3579732999525707,False,0.009304931434858508,9.582090175277328,1.0934330256741551,1.1058727501438195,1.0934330256741551,0.287212612160183,0.06778178681275226,0.019467784047375224,0.13766762580389055,0.08399738717951502,0.21956096080501958,1.0,4.33449325682788e-15,0.0003008637578667154,1.0636556173391502e-06,0.3579732999525707,0.37503027038386044,fem_training_design,D074
C037,-1,D075,0.10711378900062772,10.0,4.711132802279122,2.673475971003696,7.3475425770139475,0.13861041129597726,0.03291224397899139,7.9,2.3164419753930945,0.15,0.20796908718429463,2915.1229735837555,True,0.0,9.572078351928674,0.964780594189952,0.9428015876517376,0.9428015876517376,0.29322050321431575,0.06475448191381758,0.018987341772151896,0.1591002836276604,0.07846012335665949,0.20796908718429463,1.0,5.218694101463836e-15,0.00034303870164716695,1.4097928031191844e-06,0.37227391948760113,0.38933088991889087,fem_training_design,D075
C038,-1,D075,0.10711378900062772,10.0,4.711132802279122,2.673475971003696,7.3475425770139475,0.13861041129597726,0.03291224397899139,7.9,2.3164419753930945,0.15,0.20796908718429463,0.37227391948760113,False,0.24684822897364717,9.572078351928674,0.964780594189952,0.9428015876517376,0.9428015876517376,0.29322050321431575,0.06475448191381758,0.018987341772151896,0.1591002836276604,0.07846012335665949,0.20796908718429463,1.0,5.218694101463836e-15,0.00034303870164716695,1.4097928031191844e-06,0.37227391948760113,0.38933088991889087,fem_training_design,D075
C039,-1,D075,0.10711378900062772,10.0,4.711132802279122,2.673475971003696,7.3475425770139475,0.13861041129597726,0.03291224397899139,7.9,2.3164419753930945,0.15,2915.1229735837555,0.37227391948760113,True,0.0,9.572078351928674,0.964780594189952,0.9428015876517376,0.9428015876517376,0.29322050321431575,0.06475448191381758,0.018987341772151896,0.1591002836276604,0.07846012335665949,0.20796908718429463,1.0,5.218694101463836e-15,0.00034303870164716695,1.4097928031191844e-06,0.37227391948760113,0.38933088991889087,fem_training_design,D075
C037,-1,D076,10.0,0.1,8.24291416651182,6.516012150219384,0.1,0.0,0.0,7.885826432096009,2.508068095893644,0.15,0.19670010225728576,2592.639937575975,True,0.0,10.164160024644266,2.5236014811906378,0.9203922873267599,0.9203922873267599,0.3180475905081534,0.05980698859237067,0.01902146861735211,0.16297398627238455,0.07708612507254442,0.19670010225728576,1.0,1.2122420396061702,0.00038570724206885584,6.361580433079484e-06,0.43538343485885483,0.45244040529014456,fem_training_design,D076
C038,-1,D076,10.0,0.1,8.24291416651182,6.516012150219384,0.1,0.0,0.0,7.885826432096009,2.508068095893644,0.15,0.19670010225728576,0.43538343485885483,False,0.15316816712815332,10.164160024644266,2.5236014811906378,0.9203922873267599,0.9203922873267599,0.3180475905081534,0.05980698859237067,0.01902146861735211,0.16297398627238455,0.07708612507254442,0.19670010225728576,1.0,1.2122420396061702,0.00038570724206885584,6.361580433079484e-06,0.43538343485885483,0.45244040529014456,fem_training_design,D076
C039,-1,D076,10.0,0.1,8.24291416651182,6.516012150219384,0.1,0.0,0.0,7.885826432096009,2.508068095893644,0.15,2592.639937575975,0.43538343485885483,True,0.0,10.164160024644266,2.5236014811906378,0.9203922873267599,0.9203922873267599,0.3180475905081534,0.05980698859237067,0.01902146861735211,0.16297398627238455,0.07708612507254442,0.19670010225728576,1.0,1.2122420396061702,0.00038570724206885584,6.361580433079484e-06,0.43538343485885483,0.45244040529014456,fem_training_design,D076
C037,-1,D077,8.318731526049332,1.3954642790210503,7.674225674086028,0.1,0.1,0.05496483291294034,0.0,7.9,2.3548199880037797,0.15,0.2093822552846212,3240.701493350049,True,0.0,10.167696046883563,0.9202265176462707,1.3065699311338976,0.9202265176462707,0.29807847949414934,0.06369913656421675,0.018987341772151896,0.16300334441966066,0.0819839821561877,0.2093822552846212,1.0,2.81797699541665e-15,0.000308575165609054,1.500846158056977e-06,0.38886009440979225,0.405917064841082,fem_training_design,D077
C038,-1,D077,8.318731526049332,1.3954642790210503,7.674225674086028,0.1,0.1,0.05496483291294034,0.0,7.9,2.3548199880037797,0.15,0.2093822552846212,0.38886009440979225,False,0.3225139572961403,10.167696046883563,0.9202265176462707,1.3065699311338976,0.9202265176462707,0.29807847949414934,0.06369913656421675,0.018987341772151896,0.16300334441966066,0.0819839821561877,0.2093822552846212,1.0,2.81797699541665e-15,0.000308575165609054,1.500846158056977e-06,0.38886009440979225,0.405917064841082,fem_training_design,D077
C039,-1,D077,8.318731526049332,1.3954642790210503,7.674225674086028,0.1,0.1,0.05496483291294034,0.0,7.9,2.3548199880037797,0.15,3240.701493350049,0.38886009440979225,True,0.0,10.167696046883563,0.9202265176462707,1.3065699311338976,0.9202265176462707,0.29807847949414934,0.06369913656421675,0.018987341772151896,0.16300334441966066,0.0819839821561877,0.2093822552846212,1.0,2.81797699541665e-15,0.000308575165609054,1.500846158056977e-06,0.38886009440979225,0.405917064841082,fem_training_design,D077
C037,-1,D078,10.0,3.5726715203055006,8.06099341788747,0.41536523359105615,0.1,0.003724888431950995,0.029373224156923443,7.690093958506718,2.2,0.15955695132700162,0.23586545813803997,2786.1825569010916,True,0.0,9.629193015860901,0.9177544959440229,1.877923524568949,0.9177544959440229,0.28608233031618274,0.07252588696681891,0.020748374751715624,0.17385581005830733,0.09081368420440214,0.23586545813803997,1.0,1.121270291988505e-15,0.0003589140264779497,1.1298512817542176e-06,0.3847928947847002,0.4018498652159899,fem_training_design,D078
C038,-1,D078,10.0,3.5726715203055006,8.06099341788747,0.41536523359105615,0.1,0.003724888431950995,0.029373224156923443,7.690093958506718,2.2,0.15955695132700162,0.23586545813803997,0.3847928947847002,False,0.2119934765666707,9.629193015860901,0.9177544959440229,1.877923524568949,0.9177544959440229,0.28608233031618274,0.07252588696681891,0.020748374751715624,0.17385581005830733,0.09081368420440214,0.23586545813803997,1.0,1.121270291988505e-15,0.0003589140264779497,1.1298512817542176e-06,0.3847928947847002,0.4018498652159899,fem_training_design,D078
C039,-1,D078,10.0,3.5726715203055006,8.06099341788747,0.41536523359105615,0.1,0.003724888431950995,0.029373224156923443,7.690093958506718,2.2,0.15955695132700162,2786.1825569010916,0.3847928947847002,False,0.08425545771442723,9.629193015860901,0.9177544959440229,1.877923524568949,0.9177544959440229,0.28608233031618274,0.07252588696681891,0.020748374751715624,0.17385581005830733,0.09081368420440214,0.23586545813803997,1.0,1.121270291988505e-15,0.0003589140264779497,1.1298512817542176e-06,0.3847928947847002,0.4018498652159899,fem_training_design,D078
C037,-1,D079,9.441549825862568,0.1,4.4295588106134955,0.10165173471681127,0.1048161497419413,0.10860313239854374,0.08122982886216368,7.865753295231278,4.0,0.21099223862755193,0.1921437276815559,1020.0137965342794,True,0.0,12.920829988364813,0.9850745066229704,0.9201352196627531,0.9201352196627531,0.5085336203495037,0.05274805965688798,0.02682416174372884,0.22930568694553888,0.08664760836777995,0.1921437276815559,1.0,5.089497753219916e-15,0.0009803788962440697,1.066387705970242e-06,0.5537624238599306,0.5708193942912203,fem_training_design,D079
C038,-1,D079,9.441549825862568,0.1,4.4295588106134955,0.10165173471681127,0.1048161497419413,0.10860313239854374,0.08122982886216368,7.865753295231278,4.0,0.21099223862755193,0.1921437276815559,0.5537624238599306,True,0.0,12.920829988364813,0.9850745066229704,0.9201352196627531,0.9201352196627531,0.5085336203495037,0.05274805965688798,0.02682416174372884,0.22930568694553888,0.08664760836777995,0.1921437276815559,1.0,5.089497753219916e-15,0.0009803788962440697,1.066387705970242e-06,0.5537624238599306,0.5708193942912203,fem_training_design,D079
C039,-1,D079,9.441549825862568,0.1,4.4295588106134955,0.10165173471681127,0.1048161497419413,0.10860313239854374,0.08122982886216368,7.865753295231278,4.0,0.21099223862755193,1020.0137965342794,0.5537624238599306,True,0.0,12.920829988364813,0.9850745066229704,0.9201352196627531,0.9201352196627531,0.5085336203495037,0.05274805965688798,0.02682416174372884,0.22930568694553888,0.08664760836777995,0.1921437276815559,1.0,5.089497753219916e-15,0.0009803788962440697,1.066387705970242e-06,0.5537624238599306,0.5708193942912203,fem_training_design,D079
